Strong Suppressors
s5:
01100
10011
10011
01101
01110

s6:
011000
100100
100011
010011
001101
001110

s7:
0110000
1001000
1000111
0100111
0011011
0011101
0011110

s8:
01100000
10010000
10001111
01001111
00110111
00111011
00111101
00111110

s9:
010010000
101000000
010100000
001001111
100001111
000110111
000111011
000111101
000111110

s10:
0100100000
1010000000
0101000000
0010011111
1000011111
0001101111
0001110111
0001111011
0001111101
0001111110

GenAlgo-Suppressors(r1.25)
s11:
01100000000
10010000000
10001000000
01000111111
00100111111
00011011111
00011101111
00011110111
00011111011
00011111101
00011111110

s12:
011000000000
100100000000
100001000000
010010000000
000100111111
001000111111
000011011111
000011101111
000011110111
000011111011
000011111101
000011111110

s13:
0110000000000
1001000000000
1000100000000
0100011000000
0010000111111
0001001111111
0001010111111
0000111011111
0000111101111
0000111110111
0000111111011
0000111111101
0000111111110

s14:
01100000000000
10010000000000
10001000000000
01000110000000
00100001111111
00010001111111
00010001111111
00001110111111
00001111011111
00001111101111
00001111110111
00001111111011
00001111111101
00001111111110

s15:
011000000000000
100100000000000
100011000000000
010000110000000
001000001111111
001000001111111
000100001111111
000100001111111
000011110111111
000011111011111
000011111101111
000011111110111
000011111111011
000011111111101
000011111111110

s16:
0110000000000000
1001000000000000
1000110000000000
0100001100000000
0010000011111111
0010000011111111
0001000011111111
0001000011111111
0000111101111111
0000111110111111
0000111111011111
0000111111101111
0000111111110111
0000111111111011
0000111111111101
0000111111111110

GenAlgo-Suppressors(r2)
s11:
01110000000
10001100000
10000011100
10000000011
01000111111
01001011111
00101101111
00101110111
00101111011
00011111101
00011111110

s12:
010011100000
101000010000
010100001000
001000000111
100001111111
100010111111
100011011111
010011101111
001011110111
000111111011
000111111101
000111111110

s13:
0101100000000
1010010000000
0100001100000
1000000011111
1000000011111
0100000011111
0010000011111
0010000011111
0001111101111
0001111110111
0001111111011
0001111111101
0001111111110

s14:
01100000000000
10000011000000
10000000110000
00001100000000
00010000001100
00010000000011
01000001111111
01000010111111
00100011011111
00100011101111
00001011110111
00001011111011
00000111111101
00000111111110

s15:
011000000000000
100000111000000
100000000110000
000011000000000
000100000001100
000100000000011
010000011111111
010000101111111
010000110111111
001000111011111
001000111101111
000010111110111
000010111111011
000001111111101
000001111111110

s16:
0110000000000001
1000001110000000
1000000001100000
0000110000000000
0001000000011000
0001000000000110
0100000111111111
0100001011111111
0100001101111111
0010001110111111
0010001111011111
0000101111101111
0000101111110111
0000011111111011
0000011111111101
1000001111111110
Pseudo-Suppressors
s6:
010000
101111
010111
011011
011101
011110

s7:
0100000
1010000
0101111
0010111
0011011
0011101
0011110

s8:
01000000
10100000
01010000
00101111
00010111
00011011
00011101
00011110

s9:
001000000
001000000
110100000
001011111
000101111
000110111
000111011
000111101
000111110

coupled star:

s6

011100
100011
100000
100000
010000
010000

double star:

s6

011111
101111
110000
110000
110000
110000
