0 0 0 0 1 0 0 0 0 1 0 0 0 0 1 0 0 0 0 1 1 1 1 1 0 
0.167619
6.22222
12.0893
building time: 8.2e-05
solving time: 0.000149

0 0 0 1 1 0 0 0 0 1 0 0 0 0 1 1 0 0 0 0 1 1 1 0 0 
0.149036
8.76577
18.3462
building time: 7.9e-05
solving time: 0.000178

0 0 0 1 1 0 0 0 0 1 0 0 0 0 1 1 0 0 0 1 1 1 1 1 0 
0.15138
7.24129
14.4608
building time: 7.2e-05
solving time: 0.000154

0 0 0 1 1 0 0 0 1 1 0 0 0 0 1 1 1 0 0 0 1 1 1 0 0 
0.133949
8.53419
17.6491
building time: 9e-05
solving time: 0.000189

0 0 0 1 1 0 0 0 1 0 0 0 0 0 1 1 1 0 0 1 1 0 1 1 0 
0.143906
8.16558
16.8229
building time: 8e-05
solving time: 0.000159

0 0 0 1 1 0 0 0 1 1 0 0 0 0 1 1 1 0 0 1 1 1 1 1 0 
0.141393
7.56949
15.249
building time: 9e-05
solving time: 0.000186

0 0 0 1 1 0 0 0 1 1 0 0 0 1 1 1 1 1 0 0 1 1 1 0 0 
0.127389
8.15608
16.6439
building time: 8.5e-05
solving time: 0.000126

0 0 0 1 1 0 0 0 1 1 0 0 0 1 1 1 1 1 0 1 1 1 1 1 0 
0.135797
7.523
15.1609
building time: 7.7e-05
solving time: 0.000124

0 0 1 0 1 0 0 0 1 1 1 0 0 0 0 0 1 0 0 0 1 1 0 0 0 
0.1352
11.0432
24.4256
building time: 6.5e-05
solving time: 0.000142

0 0 1 0 1 0 0 0 1 1 1 0 0 0 1 0 1 0 0 0 1 1 1 0 0 
0.135458
9.9573
21.7294
building time: 6.6e-05
solving time: 0.00014

0 0 1 0 1 0 0 0 1 1 1 0 0 0 1 0 1 0 0 1 1 1 1 1 0 
0.136175
8.40128
17.6625
building time: 7.9e-05
solving time: 0.00013

0 0 1 1 0 0 0 0 1 1 1 0 0 0 1 1 1 0 0 0 0 1 1 0 0 
0.122449
9.28572
19.6032
building time: 8.4e-05
solving time: 0.000133

0 0 1 1 1 0 0 0 1 1 1 0 0 0 1 1 1 0 0 0 1 1 1 0 0 
0.127577
8.49965
17.6848
building time: 9.1e-05
solving time: 0.000168

0 0 1 1 1 0 0 0 1 1 1 0 0 0 1 1 1 0 0 1 1 1 1 1 0 
0.131085
7.98641
16.394
building time: 8.2e-05
solving time: 0.000156

0 0 1 1 1 0 0 0 0 1 1 0 0 1 1 1 0 1 0 0 1 1 1 0 0 
0.135529
8.3672
17.3716
building time: 7.7e-05
solving time: 0.000145

0 0 1 1 1 0 0 0 0 1 1 0 0 1 1 1 0 1 0 1 1 1 1 1 0 
0.136239
7.77599
15.7537
building time: 7.5e-05
solving time: 0.000135

0 0 1 1 1 0 0 0 1 1 1 0 0 1 1 1 1 1 0 1 1 1 1 1 0 
0.129257
7.81173
15.8942
building time: 8e-05
solving time: 0.000143

0 0 1 1 1 0 0 1 1 1 1 1 0 0 1 1 1 0 0 0 1 1 1 0 0 
0.125216
8.20184
16.855
building time: 7.6e-05
solving time: 0.000131

0 0 1 1 1 0 0 1 1 1 1 1 0 0 1 1 1 0 0 1 1 1 1 1 0 
0.1249
8.00103
16.3254
building time: 7.5e-05
solving time: 0.000113

0 0 1 1 1 0 0 1 1 1 1 1 0 1 1 1 1 1 0 1 1 1 1 1 0 
0.125388
7.82709
15.8754
building time: 9e-05
solving time: 0.000118

0 1 1 1 1 1 0 1 1 1 1 1 0 1 1 1 1 1 0 1 1 1 1 1 0 
0.123429
7.8
15.7667
building time: 7.4e-05
solving time: 8.8e-05

