0 0 0 0 1 0 0 0 0 1 0 0 0 0 1 0 0 0 0 1 1 1 1 1 0 
0.439317
31.0073
51.1197
building time: 8.3e-05
solving time: 0.000175

0 0 0 1 1 0 0 0 0 1 0 0 0 0 1 1 0 0 0 0 1 1 1 0 0 
0.413836
27.5007
48.0274
building time: 5.7e-05
solving time: 0.000222

0 0 0 1 1 0 0 0 0 1 0 0 0 0 1 1 0 0 0 1 1 1 1 1 0 
0.411506
23.1626
39.978
building time: 4.8e-05
solving time: 0.000155

0 0 0 1 1 0 0 0 1 1 0 0 0 0 1 1 1 0 0 0 1 1 1 0 0 
0.393471
15.9821
27.8442
building time: 6.1e-05
solving time: 0.000216

0 0 0 1 1 0 0 0 1 0 0 0 0 0 1 1 1 0 0 1 1 0 1 1 0 
0.403206
21.8149
38.4019
building time: 5.4e-05
solving time: 0.00019

0 0 0 1 1 0 0 0 1 1 0 0 0 0 1 1 1 0 0 1 1 1 1 1 0 
0.397798
17.6867
30.8585
building time: 6e-05
solving time: 0.000222

0 0 0 1 1 0 0 0 1 1 0 0 0 1 1 1 1 1 0 0 1 1 1 0 0 
0.389189
11.3722
19.0839
building time: 5e-05
solving time: 0.000132

0 0 0 1 1 0 0 0 1 1 0 0 0 1 1 1 1 1 0 1 1 1 1 1 0 
0.395366
13.4279
22.7343
building time: 4.7e-05
solving time: 0.000131

0 0 1 0 1 0 0 0 1 1 1 0 0 0 0 0 1 0 0 0 1 1 0 0 0 
0.398397
23.4737
41.8847
building time: 5.7e-05
solving time: 0.000146

0 0 1 0 1 0 0 0 1 1 1 0 0 0 1 0 1 0 0 0 1 1 1 0 0 
0.392064
20.5643
36.9224
building time: 4.3e-05
solving time: 0.000174

0 0 1 0 1 0 0 0 1 1 1 0 0 0 1 0 1 0 0 1 1 1 1 1 0 
0.393324
15.6496
27.3284
building time: 4.5e-05
solving time: 0.000126

0 0 1 1 0 0 0 0 1 1 1 0 0 0 1 1 1 0 0 0 0 1 1 0 0 
0.383886
11.1943
18.9573
building time: 6e-05
solving time: 0.000163

0 0 1 1 1 0 0 0 1 1 1 0 0 0 1 1 1 0 0 0 1 1 1 0 0 
0.385992
11.6566
19.8208
building time: 4.4e-05
solving time: 0.000186

0 0 1 1 1 0 0 0 1 1 1 0 0 0 1 1 1 0 0 1 1 1 1 1 0 
0.388517
12.209
20.8319
building time: 4.8e-05
solving time: 0.000159

0 0 1 1 1 0 0 0 0 1 1 0 0 1 1 1 0 1 0 0 1 1 1 0 0 
0.389685
16.8302
29.8276
building time: 4.7e-05
solving time: 0.000165

0 0 1 1 1 0 0 0 0 1 1 0 0 1 1 1 0 1 0 1 1 1 1 1 0 
0.387468
16.2019
28.7495
building time: 4.3e-05
solving time: 0.00015

0 0 1 1 1 0 0 0 1 1 1 0 0 1 1 1 1 1 0 1 1 1 1 1 0 
0.386958
11.2519
19.0546
building time: 4.4e-05
solving time: 0.000144

0 0 1 1 1 0 0 1 1 1 1 1 0 0 1 1 1 0 0 0 1 1 1 0 0 
0.383803
10.3023
17.2994
building time: 4e-05
solving time: 0.000128

0 0 1 1 1 0 0 1 1 1 1 1 0 0 1 1 1 0 0 1 1 1 1 1 0 
0.384046
9.80436
16.3536
building time: 4.1e-05
solving time: 0.000115

0 0 1 1 1 0 0 1 1 1 1 1 0 1 1 1 1 1 0 1 1 1 1 1 0 
0.384762
9.80535
16.3516
building time: 3.8e-05
solving time: 0.000111

0 1 1 1 1 1 0 1 1 1 1 1 0 1 1 1 1 1 0 1 1 1 1 1 0 
0.383886
9.18957
15.2054
building time: 3.9e-05
solving time: 9.8e-05

