0 0 0 0 1 0 0 0 0 1 0 0 0 0 1 0 0 0 0 1 1 1 1 1 0 
0.524283
30.9517
47.7488
building time: 6.1e-05
solving time: 0.000169

0 0 0 1 1 0 0 0 0 1 0 0 0 0 1 1 0 0 0 0 1 1 1 0 0 
0.491852
27.3952
44.628
building time: 5.2e-05
solving time: 0.000207

0 0 0 1 1 0 0 0 0 1 0 0 0 0 1 1 0 0 0 1 1 1 1 1 0 
0.490514
23.4451
37.9481
building time: 4.7e-05
solving time: 0.000155

0 0 0 1 1 0 0 0 1 1 0 0 0 0 1 1 1 0 0 0 1 1 1 0 0 
0.468195
16.2844
26.6371
building time: 5.6e-05
solving time: 0.000201

0 0 0 1 1 0 0 0 1 0 0 0 0 0 1 1 1 0 0 1 1 0 1 1 0 
0.478886
21.9584
36.1725
building time: 8.5e-05
solving time: 0.00026

0 0 0 1 1 0 0 0 1 1 0 0 0 0 1 1 1 0 0 1 1 1 1 1 0 
0.47388
18.0847
29.6714
building time: 5.6e-05
solving time: 0.000206

0 0 0 1 1 0 0 0 1 1 0 0 0 1 1 1 1 1 0 0 1 1 1 0 0 
0.462954
11.5558
18.2871
building time: 5e-05
solving time: 0.000133

0 0 0 1 1 0 0 0 1 1 0 0 0 1 1 1 1 1 0 1 1 1 1 1 0 
0.470392
13.6338
21.7481
building time: 4.9e-05
solving time: 0.000151

0 0 1 0 1 0 0 0 1 1 1 0 0 0 0 0 1 0 0 0 1 1 0 0 0 
0.473188
23.5671
39.178
building time: 4.4e-05
solving time: 0.00014

0 0 1 0 1 0 0 0 1 1 1 0 0 0 1 0 1 0 0 0 1 1 1 0 0 
0.466337
20.8758
34.9771
building time: 4e-05
solving time: 0.000141

0 0 1 0 1 0 0 0 1 1 1 0 0 0 1 0 1 0 0 1 1 1 1 1 0 
0.467497
15.8403
25.8844
building time: 4.7e-05
solving time: 0.000136

0 0 1 1 0 0 0 0 1 1 1 0 0 0 1 1 1 0 0 0 0 1 1 0 0 
0.456377
11.4005
18.1695
building time: 5.3e-05
solving time: 0.000148

0 0 1 1 1 0 0 0 1 1 1 0 0 0 1 1 1 0 0 0 1 1 1 0 0 
0.458908
11.8668
18.9901
building time: 7.2e-05
solving time: 0.000173

0 0 1 1 1 0 0 0 1 1 1 0 0 0 1 1 1 0 0 1 1 1 1 1 0 
0.461879
12.42
19.9437
building time: 4.6e-05
solving time: 0.00018

0 0 1 1 1 0 0 0 0 1 1 0 0 1 1 1 0 1 0 0 1 1 1 0 0 
0.463714
17.2065
28.6149
building time: 4.6e-05
solving time: 0.000222

0 0 1 1 1 0 0 0 0 1 1 0 0 1 1 1 0 1 0 1 1 1 1 1 0 
0.462025
16.7621
28.0088
building time: 5.7e-05
solving time: 0.000149

0 0 1 1 1 0 0 0 1 1 1 0 0 1 1 1 1 1 0 1 1 1 1 1 0 
0.460157
11.4663
18.3107
building time: 4.4e-05
solving time: 0.000146

0 0 1 1 1 0 0 1 1 1 1 1 0 0 1 1 1 0 0 0 1 1 1 0 0 
0.456366
10.4953
16.6281
building time: 4e-05
solving time: 0.000133

0 0 1 1 1 0 0 1 1 1 1 1 0 0 1 1 1 0 0 1 1 1 1 1 0 
0.456577
9.9727
15.7053
building time: 4e-05
solving time: 0.000113

0 0 1 1 1 0 0 1 1 1 1 1 0 1 1 1 1 1 0 1 1 1 1 1 0 
0.457443
9.97368
15.7085
building time: 4e-05
solving time: 0.00011

0 1 1 1 1 1 0 1 1 1 1 1 0 1 1 1 1 1 0 1 1 1 1 1 0 
0.456377
9.33771
14.6046
building time: 4e-05
solving time: 0.000104

