0 0 0 0 1 0 0 0 0 1 0 0 0 0 1 0 0 0 0 1 1 1 1 1 0 
0.329468
30.373
54.4092
building time: 5.8e-05
solving time: 0.000164

0 0 0 1 1 0 0 0 0 1 0 0 0 0 1 1 0 0 0 0 1 1 1 0 0 
0.315373
26.901
51.2702
building time: 5.7e-05
solving time: 0.000233

0 0 0 1 1 0 0 0 0 1 0 0 0 0 1 1 0 0 0 1 1 1 1 1 0 
0.313294
22.393
41.788
building time: 4.5e-05
solving time: 0.00016

0 0 0 1 1 0 0 0 1 1 0 0 0 0 1 1 1 0 0 0 1 1 1 0 0 
0.30298
15.3525
28.8596
building time: 4.4e-05
solving time: 0.000162

0 0 0 1 1 0 0 0 1 0 0 0 0 0 1 1 1 0 0 1 1 0 1 1 0 
0.309244
21.1981
40.4389
building time: 5.5e-05
solving time: 0.000208

0 0 0 1 1 0 0 0 1 1 0 0 0 0 1 1 1 0 0 1 1 1 1 1 0 
0.305284
16.9492
31.8014
building time: 5.9e-05
solving time: 0.000223

0 0 0 1 1 0 0 0 1 1 0 0 0 1 1 1 1 1 0 0 1 1 1 0 0 
0.300516
10.9854
19.7939
building time: 4.8e-05
solving time: 0.000129

0 0 0 1 1 0 0 0 1 1 0 0 0 1 1 1 1 1 0 1 1 1 1 1 0 
0.30415
12.9832
23.6134
building time: 4.8e-05
solving time: 0.000137

0 0 1 0 1 0 0 0 1 1 1 0 0 0 0 0 1 0 0 0 1 1 0 0 0 
0.30635
22.7711
44.3806
building time: 4.4e-05
solving time: 0.000137

0 0 1 0 1 0 0 0 1 1 1 0 0 0 1 0 1 0 0 0 1 1 1 0 0 
0.302208
19.7273
38.5723
building time: 5.3e-05
solving time: 0.000156

0 0 1 0 1 0 0 0 1 1 1 0 0 0 1 0 1 0 0 1 1 1 1 1 0 
0.303155
15.1066
28.646
building time: 4.6e-05
solving time: 0.000131

0 0 1 1 0 0 0 0 1 1 1 0 0 0 1 1 1 0 0 0 0 1 1 0 0 
0.297477
10.773
19.6621
building time: 8.3e-05
solving time: 0.000218

0 0 1 1 1 0 0 0 1 1 1 0 0 0 1 1 1 0 0 0 1 1 1 0 0 
0.298721
11.2263
20.5612
building time: 6e-05
solving time: 0.00021

0 0 1 1 1 0 0 0 1 1 1 0 0 0 1 1 1 0 0 1 1 1 1 1 0 
0.300243
11.7713
21.6211
building time: 4.8e-05
solving time: 0.000174

0 0 1 1 1 0 0 0 0 1 1 0 0 1 1 1 0 1 0 0 1 1 1 0 0 
0.300693
16.0998
30.7817
building time: 4.6e-05
solving time: 0.00017

0 0 1 1 1 0 0 0 0 1 1 0 0 1 1 1 0 1 0 1 1 1 1 1 0 
0.298904
15.3404
29.1801
building time: 5.5e-05
solving time: 0.000187

0 0 1 1 1 0 0 0 1 1 1 0 0 1 1 1 1 1 0 1 1 1 1 1 0 
0.299248
10.841
19.7049
building time: 4.4e-05
solving time: 0.000154

0 0 1 1 1 0 0 1 1 1 1 1 0 0 1 1 1 0 0 0 1 1 1 0 0 
0.297386
9.9285
17.8935
building time: 4.1e-05
solving time: 0.000131

0 0 1 1 1 0 0 1 1 1 1 1 0 0 1 1 1 0 0 1 1 1 1 1 0 
0.297568
9.46673
16.9324
building time: 4.1e-05
solving time: 0.000117

0 0 1 1 1 0 0 1 1 1 1 1 0 1 1 1 1 1 0 1 1 1 1 1 0 
0.297988
9.47047
16.9237
building time: 4e-05
solving time: 0.000109

0 1 1 1 1 1 0 1 1 1 1 1 0 1 1 1 1 1 0 1 1 1 1 1 0 
0.297477
8.88735
15.7425
building time: 3.9e-05
solving time: 9.7e-05

