0 0 0 0 0 1 0 0 0 0 0 1 0 0 0 0 0 1 0 0 0 0 0 1 0 0 0 0 0 1 1 1 1 1 1 0 
0.0477724
39.8151
101.052
building time: 9.4e-05
solving time: 0.000264

0 0 0 0 1 1 0 0 0 0 0 1 0 0 0 0 0 1 0 0 0 0 0 1 1 0 0 0 0 0 1 1 1 1 0 0 
0.0541415
34.4834
97.1864
building time: 0.000115
solving time: 0.000495

0 0 0 0 1 1 0 0 0 0 0 1 0 0 0 0 0 1 0 0 0 0 0 1 1 0 0 0 0 1 1 1 1 1 1 0 
0.0553815
31.2636
82.411
building time: 9.1e-05
solving time: 0.000326

0 0 0 0 1 1 0 0 0 0 1 0 0 0 0 0 0 1 0 0 0 0 0 1 1 1 0 0 0 0 1 0 1 1 0 0 
0.0605184
28.0304
84.0423
building time: 0.000101
solving time: 0.000421

0 0 0 0 1 0 0 0 0 0 1 0 0 0 0 0 0 1 0 0 0 0 0 1 1 1 0 0 0 1 0 0 1 1 1 0 
0.0559823
33.4405
101.334
building time: 8.8e-05
solving time: 0.000318

0 0 0 0 1 1 0 0 0 0 1 1 0 0 0 0 0 1 0 0 0 0 0 1 1 1 0 0 0 0 1 1 1 1 0 0 
0.0621741
22.5713
61.0829
building time: 8.8e-05
solving time: 0.000339

0 0 0 0 1 1 0 0 0 0 1 0 0 0 0 0 0 1 0 0 0 0 0 1 1 1 0 0 0 1 1 0 1 1 1 0 
0.0576918
28.1819
77.957
building time: 8.6e-05
solving time: 0.000411

0 0 0 0 1 1 0 0 0 0 1 1 0 0 0 0 0 1 0 0 0 0 0 1 1 1 0 0 0 1 1 1 1 1 1 0 
0.0603752
25.2603
66.5765
building time: 8.5e-05
solving time: 0.000398

0 0 0 0 1 1 0 0 0 0 1 1 0 0 0 0 1 0 0 0 0 0 0 1 1 1 1 0 0 0 1 1 0 1 0 0 
0.0634637
20.7808
56.6483
building time: 8e-05
solving time: 0.000288

0 0 0 0 1 1 0 0 0 0 1 1 0 0 0 0 1 1 0 0 0 0 0 1 1 1 1 0 0 0 1 1 1 1 0 0 
0.0655125
17.7258
46.0092
building time: 9.2e-05
solving time: 0.000358

0 0 0 0 1 1 0 0 0 0 1 1 0 0 0 0 1 0 0 0 0 0 0 1 1 1 1 0 0 1 1 1 0 1 1 0 
0.0604803
24.0331
63.9751
building time: 0.000116
solving time: 0.00045

0 0 0 0 1 1 0 0 0 0 1 1 0 0 0 0 1 1 0 0 0 0 0 1 1 1 1 0 0 1 1 1 1 1 1 0 
0.0629439
20.8375
53.7894
building time: 9.4e-05
solving time: 0.00037

0 0 0 0 1 1 0 0 0 0 1 1 0 0 0 0 1 1 0 0 0 0 1 1 1 1 1 1 0 0 1 1 1 1 0 0 
0.0658469
14.6854
36.8709
building time: 9.8e-05
solving time: 0.000214

0 0 0 0 1 1 0 0 0 0 1 1 0 0 0 0 1 1 0 0 0 0 1 1 1 1 1 1 0 1 1 1 1 1 1 0 
0.063024
17.401
43.8895
building time: 9e-05
solving time: 0.00025

0 0 0 1 0 1 0 0 0 0 1 1 0 0 0 0 0 1 1 0 0 0 0 0 0 1 0 0 0 0 1 1 1 0 0 0 
0.0601247
29.3678
86.6964
building time: 9e-05
solving time: 0.000358

0 0 0 1 0 1 0 0 0 0 1 1 0 0 0 0 0 1 1 0 0 0 0 1 0 1 0 0 0 0 1 1 1 1 0 0 
0.0615721
27.2089
78.983
building time: 9e-05
solving time: 0.000386

0 0 0 1 0 1 0 0 0 0 1 1 0 0 0 0 0 1 1 0 0 0 0 1 0 1 0 0 0 1 1 1 1 1 1 0 
0.0623875
22.8586
63.0695
building time: 8.3e-05
solving time: 0.000296

0 0 0 1 1 1 0 0 0 0 1 1 0 0 0 0 0 1 1 0 0 0 0 0 1 1 0 0 0 0 1 1 1 0 0 0 
0.06374
21.2061
58.3149
building time: 0.000102
solving time: 0.000375

0 0 0 1 1 0 0 0 0 0 1 1 0 0 0 0 0 1 1 0 0 0 0 1 1 1 0 0 0 0 0 1 1 1 0 0 
0.0681472
16.3894
44.5384
building time: 8.9e-05
solving time: 0.00031

0 0 0 1 1 1 0 0 0 0 1 0 0 0 0 0 0 1 1 0 0 0 0 0 1 1 0 0 0 1 1 0 1 0 1 0 
0.0593288
26.9212
74.9346
building time: 8.1e-05
solving time: 0.000274

0 0 0 1 1 1 0 0 0 0 1 1 0 0 0 0 0 1 1 0 0 0 0 1 1 1 0 0 0 0 1 1 1 1 0 0 
0.0662989
18.0036
48.0195
building time: 0.000121
solving time: 0.000487

0 0 0 1 1 1 0 0 0 0 1 1 0 0 0 0 0 1 1 0 0 0 0 0 1 1 0 0 0 1 1 1 1 0 1 0 
0.0626105
23.3528
64.0862
building time: 0.00012
solving time: 0.000471

0 0 0 1 1 1 0 0 0 0 1 1 0 0 0 0 0 1 1 0 0 0 0 1 1 1 0 0 0 1 1 1 1 1 1 0 
0.0652783
19.4984
51.3285
building time: 0.000101
solving time: 0.000428

0 0 0 1 0 1 0 0 0 0 1 1 0 0 0 0 1 0 1 0 0 0 0 0 0 1 1 0 0 0 1 1 0 0 0 0 
0.0654625
24.3659
74.1663
building time: 9.1e-05
solving time: 0.000359

0 0 0 1 0 1 0 0 0 0 1 1 0 0 0 0 1 1 1 0 0 0 0 0 0 1 1 0 0 0 1 1 1 0 0 0 
0.0678171
19.5777
57.5368
building time: 9.5e-05
solving time: 0.000337

0 0 0 1 0 1 0 0 0 0 1 1 0 0 0 0 1 0 1 0 0 0 0 1 0 1 1 0 0 0 1 1 0 1 0 0 
0.0686236
21.251
64.9475
building time: 8.7e-05
solving time: 0.000362

0 0 0 1 0 1 0 0 0 0 1 1 0 0 0 0 1 0 1 0 0 0 0 0 0 1 1 0 0 1 1 1 0 0 1 0 
0.0634079
24.8073
72.7369
building time: 8.1e-05
solving time: 0.00034

0 0 0 1 0 1 0 0 0 0 1 0 0 0 0 0 1 0 1 0 0 0 0 1 0 1 1 0 0 1 1 0 0 1 1 0 
0.0645562
25.6117
78.5239
building time: 7.9e-05
solving time: 0.000313

0 0 0 1 0 1 0 0 0 0 1 1 0 0 0 0 1 1 1 0 0 0 0 1 0 1 1 0 0 0 1 1 1 1 0 0 
0.0682889
15.8526
45.2359
building time: 7.9e-05
solving time: 0.000279

0 0 0 1 0 1 0 0 0 0 1 1 0 0 0 0 1 1 1 0 0 0 0 0 0 1 1 0 0 1 1 1 1 0 1 0 
0.0669094
21.79
63.7042
building time: 7.7e-05
solving time: 0.000282

0 0 0 1 0 1 0 0 0 0 1 1 0 0 0 0 1 0 1 0 0 0 0 1 0 1 1 0 0 1 1 1 0 1 1 0 
0.0657209
20.4692
58.7405
building time: 0.00015
solving time: 0.000591

0 0 0 1 0 1 0 0 0 0 1 1 0 0 0 0 1 1 1 0 0 0 0 1 0 1 1 0 0 1 1 1 1 1 1 0 
0.0661445
17.0221
47.4637
building time: 0.000107
solving time: 0.000418

0 0 0 1 1 1 0 0 0 0 0 1 0 0 0 0 0 1 1 0 0 0 1 1 1 0 0 1 0 0 1 1 1 1 0 0 
0.0643573
23.1182
64.5204
building time: 9.1e-05
solving time: 0.000385

0 0 0 1 1 1 0 0 0 0 0 1 0 0 0 0 0 1 1 0 0 0 1 1 1 0 0 1 0 1 1 1 1 1 1 0 
0.0648
23.5616
63.2457
building time: 8e-05
solving time: 0.000309

0 0 0 1 1 0 0 0 0 0 1 1 0 0 0 0 1 1 1 0 0 0 0 1 1 1 1 0 0 0 0 1 1 1 0 0 
0.0702237
12.5823
32.7669
building time: 0.000103
solving time: 0.00037

0 0 0 1 1 1 0 0 0 0 1 1 0 0 0 0 1 1 1 0 0 0 0 1 1 1 1 0 0 0 1 1 1 1 0 0 
0.0689711
13.2859
34.4931
building time: 8.9e-05
solving time: 0.000349

0 0 0 1 1 1 0 0 0 0 1 1 0 0 0 0 1 1 1 0 0 0 0 0 1 1 1 0 0 1 1 1 1 0 1 0 
0.0665047
19.256
52.6501
building time: 8e-05
solving time: 0.000286

0 0 0 1 1 1 0 0 0 0 1 1 0 0 0 0 1 0 1 0 0 0 0 1 1 1 1 0 0 1 1 1 0 1 1 0 
0.0666843
18.5834
49.7919
building time: 0.000107
solving time: 0.000449

0 0 0 1 1 0 0 0 0 0 1 1 0 0 0 0 1 1 1 0 0 0 0 1 1 1 1 0 0 1 0 1 1 1 1 0 
0.0680038
14.5254
38.1898
building time: 0.000103
solving time: 0.000356

0 0 0 1 1 1 0 0 0 0 1 1 0 0 0 0 1 1 1 0 0 0 0 1 1 1 1 0 0 1 1 1 1 1 1 0 
0.0667884
15.1297
39.4529
building time: 8.5e-05
solving time: 0.000321

0 0 0 1 1 1 0 0 0 0 1 1 0 0 0 0 0 1 1 0 0 0 1 1 1 1 0 1 0 0 1 1 1 1 0 0 
0.0690487
16.6096
43.7715
building time: 0.000121
solving time: 0.000463

0 0 0 1 1 1 0 0 0 0 1 0 0 0 0 0 0 1 1 0 0 0 1 1 1 1 0 1 0 1 1 0 1 1 1 0 
0.0636344
23.1851
62.7946
building time: 8e-05
solving time: 0.000298

0 0 0 1 1 1 0 0 0 0 1 1 0 0 0 0 0 1 1 0 0 0 1 1 1 1 0 1 0 1 1 1 1 1 1 0 
0.0675856
18.5546
48.5476
building time: 0.000123
solving time: 0.000508

0 0 0 1 1 1 0 0 0 0 1 1 0 0 0 0 1 1 1 0 0 0 1 1 1 1 1 1 0 0 1 1 1 1 0 0 
0.0691795
12.8462
32.6176
building time: 9.2e-05
solving time: 0.000284

0 0 0 1 1 1 0 0 0 0 1 1 0 0 0 0 1 1 1 0 0 0 1 1 1 1 1 1 0 1 1 1 1 1 1 0 
0.0670444
14.6615
37.4806
building time: 8.2e-05
solving time: 0.000299

0 0 0 1 1 1 0 0 0 1 1 1 0 0 0 0 0 1 1 1 0 0 0 0 1 1 0 0 0 0 1 1 1 0 0 0 
0.0677874
16.8625
45.6051
building time: 0.000101
solving time: 0.000349

0 0 0 1 1 1 0 0 0 1 1 1 0 0 0 0 0 1 1 1 0 0 0 1 1 1 0 0 0 0 1 1 1 1 0 0 
0.0685234
16.8609
44.8322
building time: 8.6e-05
solving time: 0.000332

0 0 0 1 1 1 0 0 0 1 1 1 0 0 0 0 0 1 1 1 0 0 0 1 1 1 0 0 0 1 1 1 1 1 1 0 
0.0690857
17.14
44.6916
building time: 8.4e-05
solving time: 0.000285

0 0 0 1 1 0 0 0 0 1 0 1 0 0 0 0 1 1 1 1 0 0 0 0 1 0 1 0 0 0 0 1 1 0 0 0 
0.072171
12.422
33.5613
building time: 0.000111
solving time: 0.000284

0 0 0 1 1 1 0 0 0 1 0 1 0 0 0 0 1 1 1 1 0 0 0 0 1 0 1 0 0 0 1 1 1 0 0 0 
0.0708307
12.7902
34.4002
building time: 9.2e-05
solving time: 0.000279

0 0 0 1 1 1 0 0 0 1 0 0 0 0 0 0 1 1 1 1 0 0 0 1 1 0 1 0 0 0 1 0 1 1 0 0 
0.0683143
17.1742
47.5217
building time: 0.00012
solving time: 0.000423

0 0 0 1 1 0 0 0 0 1 0 1 0 0 0 0 1 1 1 1 0 0 0 1 1 0 1 0 0 0 0 1 1 1 0 0 
0.0714353
12.7639
34.3305
building time: 0.000114
solving time: 0.000364

0 0 0 1 1 1 0 0 0 1 0 0 0 0 0 0 1 0 1 1 0 0 0 1 1 0 1 0 0 1 1 0 0 1 1 0 
0.0645222
22.25
62.4976
building time: 9.3e-05
solving time: 0.00033

0 0 0 1 1 0 0 0 0 1 0 1 0 0 0 0 1 0 1 1 0 0 0 1 1 0 1 0 0 1 0 1 0 1 1 0 
0.0687409
16.7722
45.7114
building time: 8.4e-05
solving time: 0.000326

0 0 0 1 1 1 0 0 0 1 0 1 0 0 0 0 1 1 1 1 0 0 0 1 1 0 1 0 0 0 1 1 1 1 0 0 
0.070395
13.3157
35.8699
building time: 7.7e-05
solving time: 0.000264

0 0 0 1 1 1 0 0 0 1 0 1 0 0 0 0 1 0 1 1 0 0 0 1 1 0 1 0 0 1 1 1 0 1 1 0 
0.0690641
17.6764
48.8497
building time: 0.000176
solving time: 0.00053

0 0 0 1 1 0 0 0 0 1 0 1 0 0 0 0 1 1 1 1 0 0 0 1 1 0 1 0 0 1 0 1 1 1 1 0 
0.0697905
13.2478
34.8641
building time: 9.7e-05
solving time: 0.000333

0 0 0 1 1 1 0 0 0 1 0 1 0 0 0 0 1 1 1 1 0 0 0 1 1 0 1 0 0 1 1 1 1 1 1 0 
0.0689772
13.8299
36.6864
building time: 9.1e-05
solving time: 0.000308

0 0 0 1 1 1 0 0 0 1 1 1 0 0 0 0 1 1 1 1 0 0 0 0 1 1 1 0 0 0 1 1 1 0 0 0 
0.071067
11.7742
30.4711
building time: 0.00012
solving time: 0.000364

0 0 0 1 1 1 0 0 0 1 1 1 0 0 0 0 1 0 1 1 0 0 0 1 1 1 1 0 0 0 1 1 0 1 0 0 
0.0717221
15.5137
41.9725
building time: 0.000124
solving time: 0.000418

0 0 0 1 1 1 0 0 0 1 1 1 0 0 0 0 1 1 1 1 0 0 0 1 1 1 1 0 0 0 1 1 1 1 0 0 
0.0715033
11.4362
29.1974
building time: 8.7e-05
solving time: 0.000278

0 0 0 1 1 1 0 0 0 1 1 1 0 0 0 0 1 1 1 1 0 0 0 0 1 1 1 0 0 1 1 1 1 0 1 0 
0.0704467
12.6666
33.1559
building time: 8.9e-05
solving time: 0.000289

0 0 0 1 1 1 0 0 0 1 1 1 0 0 0 0 1 1 1 1 0 0 0 1 1 1 1 0 0 1 1 1 1 1 1 0 
0.0699514
12.4944
32.0141
building time: 8.7e-05
solving time: 0.000296

0 0 0 1 1 1 0 0 0 1 1 1 0 0 0 0 0 1 1 1 0 0 1 1 1 1 0 1 0 0 1 1 1 1 0 0 
0.0710784
16.176
42.8253
building time: 0.000121
solving time: 0.000427

0 0 0 1 1 1 0 0 0 1 1 0 0 0 0 0 0 1 1 1 0 0 1 1 1 1 0 1 0 1 1 0 1 1 1 0 
0.0686897
17.9221
47.9656
building time: 0.000106
solving time: 0.000412

0 0 0 1 1 1 0 0 0 1 1 1 0 0 0 0 0 1 1 1 0 0 1 1 1 1 0 1 0 1 1 1 1 1 1 0 
0.0708561
17.1013
44.6717
building time: 0.000106
solving time: 0.000386

0 0 0 1 1 1 0 0 0 1 0 1 0 0 0 0 1 1 1 1 0 0 1 1 1 0 1 1 0 0 1 1 1 1 0 0 
0.0701004
12.6919
32.7746
building time: 8.8e-05
solving time: 0.000305

0 0 0 1 1 0 0 0 0 1 0 1 0 0 0 0 1 1 1 1 0 0 1 1 1 0 1 1 0 1 0 1 1 1 1 0 
0.0683377
14.1288
36.7354
building time: 0.000115
solving time: 0.000359

0 0 0 1 1 1 0 0 0 1 0 1 0 0 0 0 1 1 1 1 0 0 1 1 1 0 1 1 0 1 1 1 1 1 1 0 
0.0687087
13.7534
35.4711
building time: 0.000109
solving time: 0.000357

0 0 0 1 1 1 0 0 0 1 1 1 0 0 0 0 1 1 1 1 0 0 1 1 1 1 1 1 0 1 1 1 1 1 1 0 
0.0694213
12.8795
32.7121
building time: 8.6e-05
solving time: 0.000306

0 0 0 1 1 1 0 0 0 1 1 1 0 0 0 1 1 1 1 1 1 0 0 0 1 1 1 0 0 0 1 1 1 0 0 0 
0.0721711
10.3485
25.906
building time: 9.6e-05
solving time: 0.000185

0 0 0 1 1 1 0 0 0 1 1 1 0 0 0 1 1 1 1 1 1 0 0 1 1 1 1 0 0 0 1 1 1 1 0 0 
0.0720951
10.5588
26.4605
building time: 8.3e-05
solving time: 0.00024

0 0 0 1 1 1 0 0 0 1 1 1 0 0 0 1 1 0 1 1 1 0 0 1 1 1 1 0 0 1 1 1 0 1 1 0 
0.0709806
11.7149
29.6259
building time: 0.000101
solving time: 0.000329

0 0 0 1 1 1 0 0 0 1 1 1 0 0 0 1 1 1 1 1 1 0 0 1 1 1 1 0 0 1 1 1 1 1 1 0 
0.0711031
11.0459
27.6262
building time: 8.9e-05
solving time: 0.000253

0 0 0 1 1 1 0 0 0 1 1 1 0 0 0 1 1 1 1 1 1 0 1 1 1 1 1 1 0 1 1 1 1 1 1 0 
0.0700876
11.685
29.227
building time: 8.7e-05
solving time: 0.000222

0 0 1 0 1 1 0 0 0 1 0 1 1 0 0 0 1 1 0 1 0 0 0 0 1 0 1 0 0 0 1 1 1 0 0 0 
0.0697572
19.665
57.9551
building time: 8.7e-05
solving time: 0.000304

0 0 1 0 1 1 0 0 0 1 0 1 1 0 0 0 1 0 0 1 0 0 0 1 1 0 1 0 0 0 1 1 0 1 0 0 
0.0683527
19.3547
60.7067
building time: 8.2e-05
solving time: 0.000264

0 0 1 0 1 1 0 0 0 1 0 1 1 0 0 0 1 1 0 1 0 0 0 1 1 0 1 0 0 0 1 1 1 1 0 0 
0.0684095
16.2071
47.2706
building time: 7.8e-05
solving time: 0.000266

0 0 1 0 1 1 0 0 0 1 0 1 1 0 0 0 1 1 0 1 0 0 0 0 1 0 1 0 0 1 1 1 1 0 1 0 
0.0716543
19.7605
57.9269
building time: 7e-05
solving time: 0.000258

0 0 1 0 1 1 0 0 0 1 0 1 1 0 0 0 1 1 0 1 0 0 0 1 1 0 1 0 0 1 1 1 1 1 1 0 
0.0688502
15.4232
43.7216
building time: 0.00012
solving time: 0.000405

0 0 1 0 1 1 0 0 0 1 1 1 1 0 0 0 1 0 0 1 0 0 0 1 1 1 1 0 0 0 1 1 0 1 0 0 
0.0704756
13.0983
35.7446
building time: 9.6e-05
solving time: 0.000334

0 0 1 0 1 1 0 0 0 1 1 1 1 0 0 0 1 1 0 1 0 0 0 1 1 1 1 0 0 0 1 1 1 1 0 0 
0.0710647
12.0289
31.5675
building time: 8.8e-05
solving time: 0.000294

0 0 1 0 1 1 0 0 0 1 1 1 1 0 0 0 1 1 0 1 0 0 0 0 1 1 1 0 0 1 1 1 1 0 1 0 
0.072119
16.7103
45.952
building time: 8.9e-05
solving time: 0.000303

0 0 1 0 1 1 0 0 0 1 1 1 1 0 0 0 1 0 0 1 0 0 0 1 1 1 1 0 0 1 1 1 0 1 1 0 
0.0696194
13.6554
37.0653
building time: 8.5e-05
solving time: 0.000267

0 0 1 0 1 1 0 0 0 1 1 0 1 0 0 0 1 1 0 1 0 0 0 1 1 1 1 0 0 1 1 0 1 1 1 0 
0.072032
12.5179
33.404
building time: 8.4e-05
solving time: 0.000272

0 0 1 0 1 1 0 0 0 1 1 1 1 0 0 0 1 1 0 1 0 0 0 1 1 1 1 0 0 1 1 1 1 1 1 0 
0.0702405
12.8476
33.9851
building time: 0.000115
solving time: 0.000402

0 0 1 0 1 1 0 0 0 1 1 1 1 0 0 0 1 1 0 1 0 0 1 1 1 1 1 1 0 0 1 1 1 1 0 0 
0.0712356
11.1191
28.4689
building time: 0.000101
solving time: 0.00028

0 0 1 0 1 1 0 0 0 1 1 1 1 0 0 0 1 1 0 1 0 0 1 1 1 1 1 1 0 1 1 1 1 1 1 0 
0.0702147
12.0223
31.1437
building time: 9.1e-05
solving time: 0.000249

0 0 1 1 0 1 0 0 0 1 1 1 1 0 0 0 1 1 1 1 0 0 0 0 0 1 1 0 0 0 1 1 1 0 0 0 
0.0714885
11.6835
30.111
building time: 8.9e-05
solving time: 0.00028

0 0 1 1 0 1 0 0 0 1 1 1 1 0 0 0 1 0 1 1 0 0 0 1 0 1 1 0 0 0 1 1 0 1 0 0 
0.0728699
11.6258
30.6476
building time: 8.9e-05
solving time: 0.000274

0 0 1 1 0 1 0 0 0 1 1 1 1 0 0 0 1 1 1 1 0 0 0 1 0 1 1 0 0 0 1 1 1 1 0 0 
0.0724097
11.2936
29.1355
building time: 8.2e-05
solving time: 0.000278

0 0 1 1 0 1 0 0 0 1 1 1 1 0 0 0 1 1 1 1 0 0 0 1 0 1 1 0 0 1 1 1 1 1 1 0 
0.0716849
11.1942
28.5968
building time: 8.1e-05
solving time: 0.000217

0 0 1 1 1 0 0 0 0 1 1 1 1 0 0 0 1 1 1 1 0 0 0 1 1 1 1 0 0 0 0 1 1 1 0 0 
0.0721711
10.6294
27.0583
building time: 8.2e-05
solving time: 0.000203

0 0 1 1 1 1 0 0 0 1 1 1 1 0 0 0 1 1 1 1 0 0 0 1 1 1 1 0 0 0 1 1 1 1 0 0 
0.0719819
10.7529
27.2712
building time: 0.000107
solving time: 0.000326

0 0 1 1 1 1 0 0 0 1 1 1 1 0 0 0 1 0 1 1 0 0 0 1 1 1 1 0 0 1 1 1 0 1 1 0 
0.0709911
11.9785
30.966
building time: 9.3e-05
solving time: 0.000308

0 0 1 1 1 1 0 0 0 1 1 1 1 0 0 0 1 1 1 1 0 0 0 1 1 1 1 0 0 1 1 1 1 1 1 0 
0.0715082
11.0621
28.0499
building time: 9.1e-05
solving time: 0.000288

0 0 1 1 1 1 0 0 0 1 1 1 1 0 0 0 1 1 1 1 0 0 1 1 1 1 1 1 0 1 1 1 1 1 1 0 
0.0711993
11.0882
27.971
building time: 8.7e-05
solving time: 0.000271

0 0 1 1 1 1 0 0 0 0 1 1 1 0 0 1 1 1 1 0 1 0 0 1 1 1 1 0 0 0 1 1 1 1 0 0 
0.0722604
11.4648
29.4696
building time: 0.000112
solving time: 0.000371

0 0 1 1 1 1 0 0 0 0 1 1 1 0 0 1 1 1 1 0 1 0 0 0 1 1 1 0 0 1 1 1 1 0 1 0 
0.0698274
13.3091
35.1994
building time: 0.000104
solving time: 0.000324

0 0 1 1 1 1 0 0 0 0 1 1 1 0 0 1 1 1 1 0 1 0 0 1 1 1 1 0 0 1 1 1 1 1 1 0 
0.0708477
12.2174
31.448
building time: 0.000111
solving time: 0.000395

0 0 1 1 1 1 0 0 0 0 0 1 1 0 0 1 1 1 1 0 1 0 1 1 1 0 1 1 0 0 1 1 1 1 0 0 
0.0728013
16.2751
43.3674
building time: 0.00012
solving time: 0.00042

0 0 1 1 1 1 0 0 0 0 0 1 1 0 0 1 1 1 1 0 1 0 1 1 1 0 1 1 0 1 1 1 1 1 1 0 
0.0736915
16.4459
43.0552
building time: 9.5e-05
solving time: 0.000304

0 0 1 1 1 1 0 0 0 0 1 1 1 0 0 1 1 1 1 0 1 0 1 1 1 1 1 1 0 1 1 1 1 1 1 0 
0.0712681
12.0385
30.6356
building time: 8.4e-05
solving time: 0.000266

0 0 1 1 1 1 0 0 0 1 1 1 1 0 0 1 1 1 1 1 1 0 1 1 1 1 1 1 0 1 1 1 1 1 1 0 
0.0715797
10.6794
26.6665
building time: 8.5e-05
solving time: 0.00026

0 0 1 1 1 1 0 0 1 1 1 1 1 1 0 0 1 1 1 1 0 0 0 1 1 1 1 0 0 0 1 1 1 1 0 0 
0.071837
10.6003
26.6574
building time: 9.1e-05
solving time: 0.000256

0 0 1 1 1 1 0 0 1 1 1 1 1 1 0 0 1 1 1 1 0 0 0 0 1 1 1 0 0 1 1 1 1 0 1 0 
0.072641
11.1786
28.3492
building time: 0.000114
solving time: 0.0004

0 0 1 1 1 1 0 0 1 1 1 0 1 1 0 0 1 1 1 1 0 0 0 1 1 1 1 0 0 1 1 0 1 1 1 0 
0.0725473
10.3509
25.9576
building time: 0.00012
solving time: 0.000355

0 0 1 1 1 1 0 0 1 1 1 1 1 1 0 0 1 1 1 1 0 0 0 1 1 1 1 0 0 1 1 1 1 1 1 0 
0.0720851
10.4274
26.0547
building time: 9.7e-05
solving time: 0.00029

0 0 1 1 1 1 0 0 1 1 1 1 1 1 0 0 1 1 1 1 0 0 1 1 1 1 1 1 0 0 1 1 1 1 0 0 
0.0721711
10.0548
24.9781
building time: 8.6e-05
solving time: 0.000198

0 0 1 1 1 1 0 0 1 1 1 1 1 1 0 0 1 1 1 1 0 0 1 1 1 1 1 1 0 1 1 1 1 1 1 0 
0.0721026
10.1377
25.1417
building time: 8.4e-05
solving time: 0.000257

0 0 1 1 1 1 0 0 1 1 1 1 1 1 0 1 1 1 1 1 1 0 1 1 1 1 1 1 0 1 1 1 1 1 1 0 
0.0720082
10.0775
24.8954
building time: 0.000102
solving time: 0.000208

0 1 1 1 1 1 1 0 1 1 1 1 1 1 0 1 1 1 1 1 1 0 1 1 1 1 1 1 0 1 1 1 1 1 1 0 
0.0721711
9.79158
24.0362
building time: 0.000103
solving time: 0.00022

