0 0 0 0 1 0 0 0 0 1 0 0 0 0 1 0 0 0 0 1 1 1 1 1 0 
0.0811064
24.3449
52.5033
building time: 6e-05
solving time: 0.000248

0 0 0 1 1 0 0 0 0 1 0 0 0 0 1 1 0 0 0 0 1 1 1 0 0 
0.0897363
20.776
49.6655
building time: 5.8e-05
solving time: 0.000226

0 0 0 1 1 0 0 0 0 1 0 0 0 0 1 1 0 0 0 1 1 1 1 1 0 
0.091802
17.9704
40.2363
building time: 5.1e-05
solving time: 0.000175

0 0 0 1 1 0 0 0 1 1 0 0 0 0 1 1 1 0 0 0 1 1 1 0 0 
0.0994027
12.2875
27.7759
building time: 4.5e-05
solving time: 0.000168

0 0 0 1 1 0 0 0 1 0 0 0 0 0 1 1 1 0 0 1 1 0 1 1 0 
0.0940239
16.7996
38.7042
building time: 5.4e-05
solving time: 0.000205

0 0 0 1 1 0 0 0 1 1 0 0 0 0 1 1 1 0 0 1 1 1 1 1 0 
0.0977984
13.72
30.3271
building time: 6.6e-05
solving time: 0.000206

0 0 0 1 1 0 0 0 1 1 0 0 0 1 1 1 1 1 0 0 1 1 1 0 0 
0.101322
9.0639
19.4471
building time: 5.4e-05
solving time: 0.000156

0 0 0 1 1 0 0 0 1 1 0 0 0 1 1 1 1 1 0 1 1 1 1 1 0 
0.0984319
10.7028
22.9991
building time: 4.8e-05
solving time: 0.000142

0 0 1 0 1 0 0 0 1 1 1 0 0 0 0 0 1 0 0 0 1 1 0 0 0 
0.0963585
17.3344
42.8258
building time: 4.6e-05
solving time: 0.000142

0 0 1 0 1 0 0 0 1 1 1 0 0 0 1 0 1 0 0 0 1 1 1 0 0 
0.0998769
15.11
37.1345
building time: 4.4e-05
solving time: 0.000159

0 0 1 0 1 0 0 0 1 1 1 0 0 0 1 0 1 0 0 1 1 1 1 1 0 
0.0989641
11.8909
28.0708
building time: 4.8e-05
solving time: 0.000138

0 0 1 1 0 0 0 0 1 1 1 0 0 0 1 1 1 0 0 0 0 1 1 0 0 
0.103713
8.74008
19.4494
building time: 4.5e-05
solving time: 0.000117

0 0 1 1 1 0 0 0 1 1 1 0 0 0 1 1 1 0 0 0 1 1 1 0 0 
0.102674
9.13473
20.2499
building time: 5e-05
solving time: 0.000166

0 0 1 1 1 0 0 0 1 1 1 0 0 0 1 1 1 0 0 1 1 1 1 1 0 
0.1014
9.60282
21.1746
building time: 5.1e-05
solving time: 0.000166

0 0 1 1 1 0 0 0 0 1 1 0 0 1 1 1 0 1 0 0 1 1 1 0 0 
0.101196
12.8155
29.4135
building time: 4.8e-05
solving time: 0.000171

0 0 1 1 1 0 0 0 0 1 1 0 0 1 1 1 0 1 0 1 1 1 1 1 0 
0.103107
12.3971
27.5664
building time: 4.5e-05
solving time: 0.00016

0 0 1 1 1 0 0 0 1 1 1 0 0 1 1 1 1 1 0 1 1 1 1 1 0 
0.102294
8.93613
19.2983
building time: 4.6e-05
solving time: 0.000153

0 0 1 1 1 0 0 1 1 1 1 1 0 0 1 1 1 0 0 0 1 1 1 0 0 
0.103831
8.19653
17.6662
building time: 4.3e-05
solving time: 0.000138

0 0 1 1 1 0 0 1 1 1 1 1 0 0 1 1 1 0 0 1 1 1 1 1 0 
0.103643
7.85655
16.7427
building time: 4.2e-05
solving time: 0.000119

0 0 1 1 1 0 0 1 1 1 1 1 0 1 1 1 1 1 0 1 1 1 1 1 0 
0.103297
7.879
16.698
building time: 4e-05
solving time: 0.000117

0 1 1 1 1 1 0 1 1 1 1 1 0 1 1 1 1 1 0 1 1 1 1 1 0 
0.103713
7.43022
15.5805
building time: 4.2e-05
solving time: 0.000107

