0 0 0 0 1 0 0 0 0 1 0 0 0 0 1 0 0 0 0 1 1 1 1 1 0 
0.227879
6.42424
12.2992
building time: 7.4e-05
solving time: 0.000151

0 0 0 1 1 0 0 0 0 1 0 0 0 0 1 1 0 0 0 0 1 1 1 0 0 
0.243408
9.2364
18.4739
building time: 7.9e-05
solving time: 0.00017

0 0 0 1 1 0 0 0 0 1 0 0 0 0 1 1 0 0 0 1 1 1 1 1 0 
0.241807
7.61991
14.5765
building time: 7.3e-05
solving time: 0.000161

0 0 0 1 1 0 0 0 1 1 0 0 0 0 1 1 1 0 0 0 1 1 1 0 0 
0.258061
9.24449
17.7876
building time: 9.8e-05
solving time: 0.000203

0 0 0 1 1 0 0 0 1 0 0 0 0 0 1 1 1 0 0 1 1 0 1 1 0 
0.248452
8.68055
16.986
building time: 8e-05
solving time: 0.00016

0 0 0 1 1 0 0 0 1 1 0 0 0 0 1 1 1 0 0 1 1 1 1 1 0 
0.251326
8.09391
15.3558
building time: 9.2e-05
solving time: 0.000217

0 0 0 1 1 0 0 0 1 1 0 0 0 1 1 1 1 1 0 0 1 1 1 0 0 
0.2654
8.94519
16.7357
building time: 8.3e-05
solving time: 0.000124

0 0 0 1 1 0 0 0 1 1 0 0 0 1 1 1 1 1 0 1 1 1 1 1 0 
0.257256
8.1413
15.1999
building time: 7.6e-05
solving time: 0.000127

0 0 1 0 1 0 0 0 1 1 1 0 0 0 0 0 1 0 0 0 1 1 0 0 0 
0.25594
12.033
24.6576
building time: 6.1e-05
solving time: 0.00013

0 0 1 0 1 0 0 0 1 1 1 0 0 0 1 0 1 0 0 0 1 1 1 0 0 
0.256509
10.9384
21.8044
building time: 8.5e-05
solving time: 0.000205

0 0 1 0 1 0 0 0 1 1 1 0 0 0 1 0 1 0 0 1 1 1 1 1 0 
0.256597
9.2053
17.6931
building time: 7.7e-05
solving time: 0.000129

0 0 1 1 0 0 0 0 1 1 1 0 0 0 1 1 1 0 0 0 0 1 1 0 0 
0.269687
10.3398
19.7573
building time: 8.6e-05
solving time: 0.000125

0 0 1 1 1 0 0 0 1 1 1 0 0 0 1 1 1 0 0 0 1 1 1 0 0 
0.265161
9.38186
17.7448
building time: 9.1e-05
solving time: 0.000169

0 0 1 1 1 0 0 0 1 1 1 0 0 0 1 1 1 0 0 1 1 1 1 1 0 
0.262016
8.7567
16.438
building time: 7.8e-05
solving time: 0.000148

0 0 1 1 1 0 0 0 0 1 1 0 0 1 1 1 0 1 0 0 1 1 1 0 0 
0.25692
9.07922
17.4672
building time: 7.6e-05
solving time: 0.000142

0 0 1 1 1 0 0 0 0 1 1 0 0 1 1 1 0 1 0 1 1 1 1 1 0 
0.25654
8.39676
15.8627
building time: 7.5e-05
solving time: 0.000152

0 0 1 1 1 0 0 0 1 1 1 0 0 1 1 1 1 1 0 1 1 1 1 1 0 
0.264209
8.57976
15.9407
building time: 7.9e-05
solving time: 0.000138

0 0 1 1 1 0 0 1 1 1 1 1 0 0 1 1 1 0 0 0 1 1 1 0 0 
0.268127
9.07502
16.9189
building time: 7.4e-05
solving time: 0.000125

0 0 1 1 1 0 0 1 1 1 1 1 0 0 1 1 1 0 0 1 1 1 1 1 0 
0.26889
8.86147
16.3979
building time: 7e-05
solving time: 0.000111

0 0 1 1 1 0 0 1 1 1 1 1 0 1 1 1 1 1 0 1 1 1 1 1 0 
0.268633
8.65806
15.9453
building time: 7.2e-05
solving time: 0.00012

0 1 1 1 1 1 0 1 1 1 1 1 0 1 1 1 1 1 0 1 1 1 1 1 0 
0.271003
8.65854
15.8577
building time: 7.3e-05
solving time: 9.1e-05

