0 0 0 0 0 1 0 0 0 0 0 1 0 0 0 0 0 1 0 0 0 0 0 1 0 0 0 0 0 1 1 1 1 1 1 0 
0.00470418
30.0586
76.4072
building time: 0
solving time: 0

0 0 0 0 1 1 0 0 0 0 0 1 0 0 0 0 0 1 0 0 0 0 0 1 1 0 0 0 0 0 1 1 1 1 0 0 
0.00681379
23.9126
72.9521
building time: 0
solving time: 0

0 0 0 0 1 1 0 0 0 0 0 1 0 0 0 0 0 1 0 0 0 0 0 1 1 0 0 0 0 1 1 1 1 1 1 0 
0.0071984
23.481
64.0057
building time: 0
solving time: 0

0 0 0 0 1 1 0 0 0 0 1 0 0 0 0 0 0 1 0 0 0 0 0 1 1 1 0 0 0 0 1 0 1 1 0 0 
0.00953996
18.3902
63.1316
building time: 0
solving time: 0

0 0 0 0 1 0 0 0 0 0 1 0 0 0 0 0 0 1 0 0 0 0 0 1 1 1 0 0 0 1 0 0 1 1 1 0 
0.00753162
21.5503
74.423
building time: 0
solving time: 0

0 0 0 0 1 1 0 0 0 0 1 1 0 0 0 0 0 1 0 0 0 0 0 1 1 1 0 0 0 0 1 1 1 1 0 0 
0.0101654
16.7656
48.3953
building time: 0
solving time: 0

0 0 0 0 1 1 0 0 0 0 1 0 0 0 0 0 0 1 0 0 0 0 0 1 1 1 0 0 0 1 1 0 1 1 1 0 
0.00823115
20.0796
58.9615
building time: 0
solving time: 0

0 0 0 0 1 1 0 0 0 0 1 1 0 0 0 0 0 1 0 0 0 0 0 1 1 1 0 0 0 1 1 1 1 1 1 0 
0.00927679
19.311
52.5197
building time: 0
solving time: 0

0 0 0 0 1 1 0 0 0 0 1 1 0 0 0 0 1 0 0 0 0 0 0 1 1 1 1 0 0 0 1 1 0 1 0 0 
0.0109462
15.109
44.2122
building time: 0
solving time: 0

0 0 0 0 1 1 0 0 0 0 1 1 0 0 0 0 1 1 0 0 0 0 0 1 1 1 1 0 0 0 1 1 1 1 0 0 
0.0119001
13.6747
37.2915
building time: 0
solving time: 0

0 0 0 0 1 1 0 0 0 0 1 1 0 0 0 0 1 0 0 0 0 0 0 1 1 1 1 0 0 1 1 1 0 1 1 0 
0.00945199
17.9003
49.4322
building time: 0
solving time: 0

0 0 0 0 1 1 0 0 0 0 1 1 0 0 0 0 1 1 0 0 0 0 0 1 1 1 1 0 0 1 1 1 1 1 1 0 
0.0105324
16.1979
43.053
building time: 0
solving time: 0

0 0 0 0 1 1 0 0 0 0 1 1 0 0 0 0 1 1 0 0 0 0 1 1 1 1 1 1 0 0 1 1 1 1 0 0 
0.0121212
11.492
30.4663
building time: 0
solving time: 0

0 0 0 0 1 1 0 0 0 0 1 1 0 0 0 0 1 1 0 0 0 0 1 1 1 1 1 1 0 1 1 1 1 1 1 0 
0.0106478
13.5866
35.6163
building time: 0
solving time: 0

0 0 0 1 0 1 0 0 0 0 1 1 0 0 0 0 0 1 1 0 0 0 0 0 0 1 0 0 0 0 1 1 1 0 0 0 
0.00934112
19.4078
65.3875
building time: 0
solving time: 0

0 0 0 1 0 1 0 0 0 0 1 1 0 0 0 0 0 1 1 0 0 0 0 1 0 1 0 0 0 0 1 1 1 1 0 0 
0.00991016
18.6865
60.6324
building time: 0
solving time: 0

0 0 0 1 0 1 0 0 0 0 1 1 0 0 0 0 0 1 1 0 0 0 0 1 0 1 0 0 0 1 1 1 1 1 1 0 
0.0102376
16.7155
50.1796
building time: 0
solving time: 0

0 0 0 1 1 1 0 0 0 0 1 1 0 0 0 0 0 1 1 0 0 0 0 0 1 1 0 0 0 0 1 1 1 0 0 0 
0.0110522
15.3129
45.5737
building time: 0
solving time: 0

0 0 0 1 1 0 0 0 0 0 1 1 0 0 0 0 0 1 1 0 0 0 0 1 1 1 0 0 0 0 0 1 1 1 0 0 
0.0134097
12.1455
36.3762
building time: 0
solving time: 0

0 0 0 1 1 1 0 0 0 0 1 0 0 0 0 0 0 1 1 0 0 0 0 0 1 1 0 0 0 1 1 0 1 0 1 0 
0.00896979
18.9058
56.5972
building time: 0
solving time: 0

0 0 0 1 1 1 0 0 0 0 1 1 0 0 0 0 0 1 1 0 0 0 0 1 1 1 0 0 0 0 1 1 1 1 0 0 
0.0123228
13.6134
38.8327
building time: 0
solving time: 0

0 0 0 1 1 1 0 0 0 0 1 1 0 0 0 0 0 1 1 0 0 0 0 0 1 1 0 0 0 1 1 1 1 0 1 0 
0.0104642
16.9408
49.2653
building time: 0
solving time: 0

0 0 0 1 1 1 0 0 0 0 1 1 0 0 0 0 0 1 1 0 0 0 0 1 1 1 0 0 0 1 1 1 1 1 1 0 
0.0117136
15.0206
41.3567
building time: 0
solving time: 0

0 0 0 1 0 1 0 0 0 0 1 1 0 0 0 0 1 0 1 0 0 0 0 0 0 1 1 0 0 0 1 1 0 0 0 0 
0.0120784
15.7875
56.6513
building time: 0
solving time: 0

0 0 0 1 0 1 0 0 0 0 1 1 0 0 0 0 1 1 1 0 0 0 0 0 0 1 1 0 0 0 1 1 1 0 0 0 
0.0132133
13.4806
45.4991
building time: 0
solving time: 0

0 0 0 1 0 1 0 0 0 0 1 1 0 0 0 0 1 0 1 0 0 0 0 1 0 1 1 0 0 0 1 1 0 1 0 0 
0.0136097
14.0619
51.4802
building time: 0
solving time: 0

0 0 0 1 0 1 0 0 0 0 1 1 0 0 0 0 1 0 1 0 0 0 0 0 0 1 1 0 0 1 1 1 0 0 1 0 
0.0109601
16.6803
54.8515
building time: 0
solving time: 0

0 0 0 1 0 1 0 0 0 0 1 0 0 0 0 0 1 0 1 0 0 0 0 1 0 1 1 0 0 1 1 0 0 1 1 0 
0.0111978
16.933
61.0494
building time: 0
solving time: 0

0 0 0 1 0 1 0 0 0 0 1 1 0 0 0 0 1 1 1 0 0 0 0 1 0 1 1 0 0 0 1 1 1 1 0 0 
0.0134515
11.2946
37.1412
building time: 0
solving time: 0

0 0 0 1 0 1 0 0 0 0 1 1 0 0 0 0 1 1 1 0 0 0 0 0 0 1 1 0 0 1 1 1 1 0 1 0 
0.0125674
15.1258
50.0526
building time: 0
solving time: 0

0 0 0 1 0 1 0 0 0 0 1 1 0 0 0 0 1 0 1 0 0 0 0 1 0 1 1 0 0 1 1 1 0 1 1 0 
0.0119913
14.3602
46.2023
building time: 0
solving time: 0

0 0 0 1 0 1 0 0 0 0 1 1 0 0 0 0 1 1 1 0 0 0 0 1 0 1 1 0 0 1 1 1 1 1 1 0 
0.0122461
12.32
38.5531
building time: 0
solving time: 0

0 0 0 1 1 1 0 0 0 0 0 1 0 0 0 0 0 1 1 0 0 0 1 1 1 0 0 1 0 0 1 1 1 1 0 0 
0.0110762
16.9719
51.1942
building time: 0
solving time: 0

0 0 0 1 1 1 0 0 0 0 0 1 0 0 0 0 0 1 1 0 0 0 1 1 1 0 0 1 0 1 1 1 1 1 1 0 
0.0112412
18.2114
50.8762
building time: 0
solving time: 0

0 0 0 1 1 0 0 0 0 0 1 1 0 0 0 0 1 1 1 0 0 0 0 1 1 1 1 0 0 0 0 1 1 1 0 0 
0.0146447
9.63189
27.7326
building time: 0
solving time: 0

0 0 0 1 1 1 0 0 0 0 1 1 0 0 0 0 1 1 1 0 0 0 0 1 1 1 1 0 0 0 1 1 1 1 0 0 
0.013886
10.2035
28.9068
building time: 0
solving time: 0

0 0 0 1 1 1 0 0 0 0 1 1 0 0 0 0 1 1 1 0 0 0 0 0 1 1 1 0 0 1 1 1 1 0 1 0 
0.0123699
14.2179
41.705
building time: 0
solving time: 0

0 0 0 1 1 1 0 0 0 0 1 1 0 0 0 0 1 0 1 0 0 0 0 1 1 1 1 0 0 1 1 1 0 1 1 0 
0.012468
14.0722
40.0963
building time: 0
solving time: 0

0 0 0 1 1 0 0 0 0 0 1 1 0 0 0 0 1 1 1 0 0 0 0 1 1 1 1 0 0 1 0 1 1 1 1 0 
0.0133011
11.0614
31.7444
building time: 0
solving time: 0

0 0 0 1 1 1 0 0 0 0 1 1 0 0 0 0 1 1 1 0 0 0 0 1 1 1 1 0 0 1 1 1 1 1 1 0 
0.0126263
11.5872
32.4924
building time: 0
solving time: 0

0 0 0 1 1 1 0 0 0 0 1 1 0 0 0 0 0 1 1 0 0 0 1 1 1 1 0 1 0 0 1 1 1 1 0 0 
0.0138064
12.8623
35.9214
building time: 0
solving time: 0

0 0 0 1 1 1 0 0 0 0 1 0 0 0 0 0 0 1 1 0 0 0 1 1 1 1 0 1 0 1 1 0 1 1 1 0 
0.0109521
17.1797
48.2208
building time: 0
solving time: 0

0 0 0 1 1 1 0 0 0 0 1 1 0 0 0 0 0 1 1 0 0 0 1 1 1 1 0 1 0 1 1 1 1 1 1 0 
0.0128852
14.5562
39.5722
building time: 0
solving time: 0

0 0 0 1 1 1 0 0 0 0 1 1 0 0 0 0 1 1 1 0 0 0 1 1 1 1 1 1 0 0 1 1 1 1 0 0 
0.0140015
10.0526
27.4522
building time: 0
solving time: 0

0 0 0 1 1 1 0 0 0 0 1 1 0 0 0 0 1 1 1 0 0 0 1 1 1 1 1 1 0 1 1 1 1 1 1 0 
0.0127606
11.4378
31.0239
building time: 0
solving time: 0

0 0 0 1 1 1 0 0 0 1 1 1 0 0 0 0 0 1 1 1 0 0 0 0 1 1 0 0 0 0 1 1 1 0 0 0 
0.013171
12.569
36.6979
building time: 0
solving time: 0

0 0 0 1 1 1 0 0 0 1 1 1 0 0 0 0 0 1 1 1 0 0 0 1 1 1 0 0 0 0 1 1 1 1 0 0 
0.0135388
12.9083
36.2885
building time: 0
solving time: 0

0 0 0 1 1 1 0 0 0 1 1 1 0 0 0 0 0 1 1 1 0 0 0 1 1 1 0 0 0 1 1 1 1 1 1 0 
0.013759
13.5281
36.5613
building time: 0
solving time: 0

0 0 0 1 1 0 0 0 0 1 0 1 0 0 0 0 1 1 1 1 0 0 0 0 1 0 1 0 0 0 0 1 1 0 0 0 
0.015873
9.28571
28.7143
building time: 0
solving time: 0

0 0 0 1 1 1 0 0 0 1 0 1 0 0 0 0 1 1 1 1 0 0 0 0 1 0 1 0 0 0 1 1 1 0 0 0 
0.0150186
9.58928
29.035
building time: 0
solving time: 0

0 0 0 1 1 1 0 0 0 1 0 0 0 0 0 0 1 1 1 1 0 0 0 1 1 0 1 0 0 0 1 0 1 1 0 0 
0.013489
12.5634
38.0474
building time: 0
solving time: 0

0 0 0 1 1 0 0 0 0 1 0 1 0 0 0 0 1 1 1 1 0 0 0 1 1 0 1 0 0 0 0 1 1 1 0 0 
0.0153799
9.5976
29.2097
building time: 0
solving time: 0

0 0 0 1 1 1 0 0 0 1 0 0 0 0 0 0 1 0 1 1 0 0 0 1 1 0 1 0 0 1 1 0 0 1 1 0 
0.0115107
15.7275
47.4531
building time: 0
solving time: 0

0 0 0 1 1 0 0 0 0 1 0 1 0 0 0 0 1 0 1 1 0 0 0 1 1 0 1 0 0 1 0 1 0 1 1 0 
0.0136815
12.473
37.2407
building time: 0
solving time: 0

0 0 0 1 1 1 0 0 0 1 0 1 0 0 0 0 1 1 1 1 0 0 0 1 1 0 1 0 0 0 1 1 1 1 0 0 
0.0147223
10.0026
30.1336
building time: 0
solving time: 0

0 0 0 1 1 1 0 0 0 1 0 1 0 0 0 0 1 0 1 1 0 0 0 1 1 0 1 0 0 1 1 1 0 1 1 0 
0.0138062
13.0198
39.1957
building time: 0
solving time: 0

0 0 0 1 1 0 0 0 0 1 0 1 0 0 0 0 1 1 1 1 0 0 0 1 1 0 1 0 0 1 0 1 1 1 1 0 
0.0143735
10.1031
29.3652
building time: 0
solving time: 0

0 0 0 1 1 1 0 0 0 1 0 1 0 0 0 0 1 1 1 1 0 0 0 1 1 0 1 0 0 1 1 1 1 1 1 0 
0.0138819
10.4868
30.5732
building time: 0
solving time: 0

0 0 0 1 1 1 0 0 0 1 1 1 0 0 0 0 1 1 1 1 0 0 0 0 1 1 1 0 0 0 1 1 1 0 0 0 
0.0151716
9.08061
25.8915
building time: 0
solving time: 0

0 0 0 1 1 1 0 0 0 1 1 1 0 0 0 0 1 0 1 1 0 0 0 1 1 1 1 0 0 0 1 1 0 1 0 0 
0.0153824
11.7685
34.6583
building time: 0
solving time: 0

0 0 0 1 1 1 0 0 0 1 1 1 0 0 0 0 1 1 1 1 0 0 0 1 1 1 1 0 0 0 1 1 1 1 0 0 
0.015437
8.92568
24.9826
building time: 0
solving time: 0

0 0 0 1 1 1 0 0 0 1 1 1 0 0 0 0 1 1 1 1 0 0 0 0 1 1 1 0 0 1 1 1 1 0 1 0 
0.0147716
9.72923
27.9198
building time: 0
solving time: 0

0 0 0 1 1 1 0 0 0 1 1 1 0 0 0 0 1 1 1 1 0 0 0 1 1 1 1 0 0 1 1 1 1 1 1 0 
0.0144729
9.73741
27.0066
building time: 0
solving time: 0

0 0 0 1 1 1 0 0 0 1 1 1 0 0 0 0 0 1 1 1 0 0 1 1 1 1 0 1 0 0 1 1 1 1 0 0 
0.0149236
12.6029
35.3063
building time: 0
solving time: 0

0 0 0 1 1 1 0 0 0 1 1 0 0 0 0 0 0 1 1 1 0 0 1 1 1 1 0 1 0 1 1 0 1 1 1 0 
0.0135382
13.6977
38.6521
building time: 0
solving time: 0

0 0 0 1 1 1 0 0 0 1 1 1 0 0 0 0 0 1 1 1 0 0 1 1 1 1 0 1 0 1 1 1 1 1 1 0 
0.0146825
13.63
36.9331
building time: 0
solving time: 0

0 0 0 1 1 1 0 0 0 1 0 1 0 0 0 0 1 1 1 1 0 0 1 1 1 0 1 1 0 0 1 1 1 1 0 0 
0.0145628
9.83539
27.6479
building time: 0
solving time: 0

0 0 0 1 1 0 0 0 0 1 0 1 0 0 0 0 1 1 1 1 0 0 1 1 1 0 1 1 0 1 0 1 1 1 1 0 
0.013513
10.879
30.5748
building time: 0
solving time: 0

0 0 0 1 1 1 0 0 0 1 0 1 0 0 0 0 1 1 1 1 0 0 1 1 1 0 1 1 0 1 1 1 1 1 1 0 
0.0137264
10.681
29.5607
building time: 0
solving time: 0

0 0 0 1 1 1 0 0 0 1 1 1 0 0 0 0 1 1 1 1 0 0 1 1 1 1 1 1 0 1 1 1 1 1 1 0 
0.0141443
10.1269
27.4897
building time: 0
solving time: 0

0 0 0 1 1 1 0 0 0 1 1 1 0 0 0 1 1 1 1 1 1 0 0 0 1 1 1 0 0 0 1 1 1 0 0 0 
0.015873
8.14339
22.3667
building time: 0
solving time: 0

0 0 0 1 1 1 0 0 0 1 1 1 0 0 0 1 1 1 1 1 1 0 0 1 1 1 1 0 0 0 1 1 1 1 0 0 
0.0158237
8.32628
22.8309
building time: 0
solving time: 0

0 0 0 1 1 1 0 0 0 1 1 1 0 0 0 1 1 0 1 1 1 0 0 1 1 1 1 0 0 1 1 1 0 1 1 0 
0.0151034
9.22166
25.2448
building time: 0
solving time: 0

0 0 0 1 1 1 0 0 0 1 1 1 0 0 0 1 1 1 1 1 1 0 0 1 1 1 1 0 0 1 1 1 1 1 1 0 
0.0151937
8.72396
23.6421
building time: 0
solving time: 0

0 0 0 1 1 1 0 0 0 1 1 1 0 0 0 1 1 1 1 1 1 0 1 1 1 1 1 1 0 1 1 1 1 1 1 0 
0.0145636
9.24218
24.7912
building time: 0
solving time: 0

0 0 1 0 1 1 0 0 0 1 0 1 1 0 0 0 1 1 0 1 0 0 0 0 1 0 1 0 0 0 1 1 1 0 0 0 
0.0141878
13.5911
46.1251
building time: 0
solving time: 0

0 0 1 0 1 1 0 0 0 1 0 1 1 0 0 0 1 0 0 1 0 0 0 1 1 0 1 0 0 0 1 1 0 1 0 0 
0.0135503
12.5455
48.3887
building time: 0
solving time: 0

0 0 1 0 1 1 0 0 0 1 0 1 1 0 0 0 1 1 0 1 0 0 0 1 1 0 1 0 0 0 1 1 1 1 0 0 
0.0135551
11.2972
38.2264
building time: 0
solving time: 0

0 0 1 0 1 1 0 0 0 1 0 1 1 0 0 0 1 1 0 1 0 0 0 0 1 0 1 0 0 1 1 1 1 0 1 0 
0.0150939
13.9786
46.8275
building time: 0
solving time: 0

0 0 1 0 1 1 0 0 0 1 0 1 1 0 0 0 1 1 0 1 0 0 0 1 1 0 1 0 0 1 1 1 1 1 1 0 
0.0137374
11.1015
35.8588
building time: 0
solving time: 0

0 0 1 0 1 1 0 0 0 1 1 1 1 0 0 0 1 0 0 1 0 0 0 1 1 1 1 0 0 0 1 1 0 1 0 0 
0.014811
9.70329
29.9156
building time: 0
solving time: 0

0 0 1 0 1 1 0 0 0 1 1 1 1 0 0 0 1 1 0 1 0 0 0 1 1 1 1 0 0 0 1 1 1 1 0 0 
0.0151625
9.20213
26.7662
building time: 0
solving time: 0

0 0 1 0 1 1 0 0 0 1 1 1 1 0 0 0 1 1 0 1 0 0 0 0 1 1 1 0 0 1 1 1 1 0 1 0 
0.0154597
12.5751
37.6373
building time: 0
solving time: 0

0 0 1 0 1 1 0 0 0 1 1 1 1 0 0 0 1 0 0 1 0 0 0 1 1 1 1 0 0 1 1 1 0 1 1 0 
0.0142786
10.1703
30.7249
building time: 0
solving time: 0

0 0 1 0 1 1 0 0 0 1 1 0 1 0 0 0 1 1 0 1 0 0 0 1 1 1 1 0 0 1 1 0 1 1 1 0 
0.0156933
9.55024
28.5047
building time: 0
solving time: 0

0 0 1 0 1 1 0 0 0 1 1 1 1 0 0 0 1 1 0 1 0 0 0 1 1 1 1 0 0 1 1 1 1 1 1 0 
0.0146264
9.79643
28.5588
building time: 0
solving time: 0

0 0 1 0 1 1 0 0 0 1 1 1 1 0 0 0 1 1 0 1 0 0 1 1 1 1 1 1 0 0 1 1 1 1 0 0 
0.0152723
8.63225
24.3169
building time: 0
solving time: 0

0 0 1 0 1 1 0 0 0 1 1 1 1 0 0 0 1 1 0 1 0 0 1 1 1 1 1 1 0 1 1 1 1 1 1 0 
0.0146267
9.28098
26.3365
building time: 0
solving time: 0

0 0 1 1 0 1 0 0 0 1 1 1 1 0 0 0 1 1 1 1 0 0 0 0 0 1 1 0 0 0 1 1 1 0 0 0 
0.015435
9.04959
25.7304
building time: 0
solving time: 0

0 0 1 1 0 1 0 0 0 1 1 1 1 0 0 0 1 0 1 1 0 0 0 1 0 1 1 0 0 0 1 1 0 1 0 0 
0.0162903
8.91578
26.4208
building time: 0
solving time: 0

0 0 1 1 0 1 0 0 0 1 1 1 1 0 0 0 1 1 1 1 0 0 0 1 0 1 1 0 0 0 1 1 1 1 0 0 
0.0160119
8.77832
25.0827
building time: 0
solving time: 0

0 0 1 1 0 1 0 0 0 1 1 1 1 0 0 0 1 1 1 1 0 0 0 1 0 1 1 0 0 1 1 1 1 1 1 0 
0.015558
8.73035
24.5621
building time: 0
solving time: 0

0 0 1 1 1 0 0 0 0 1 1 1 1 0 0 0 1 1 1 1 0 0 0 1 1 1 1 0 0 0 0 1 1 1 0 0 
0.015873
8.28061
23.3191
building time: 0
solving time: 0

0 0 1 1 1 1 0 0 0 1 1 1 1 0 0 0 1 1 1 1 0 0 0 1 1 1 1 0 0 0 1 1 1 1 0 0 
0.0157497
8.41504
23.4701
building time: 0
solving time: 0

0 0 1 1 1 1 0 0 0 1 1 1 1 0 0 0 1 0 1 1 0 0 0 1 1 1 1 0 0 1 1 1 0 1 1 0 
0.0151172
9.28642
26.2392
building time: 0
solving time: 0

0 0 1 1 1 1 0 0 0 1 1 1 1 0 0 0 1 1 1 1 0 0 0 1 1 1 1 0 0 1 1 1 1 1 1 0 
0.0154442
8.67184
24.038
building time: 0
solving time: 0

0 0 1 1 1 1 0 0 0 1 1 1 1 0 0 0 1 1 1 1 0 0 1 1 1 1 1 1 0 1 1 1 1 1 1 0 
0.0152512
8.7236
23.8987
building time: 0
solving time: 0

0 0 1 1 1 1 0 0 0 0 1 1 1 0 0 1 1 1 1 0 1 0 0 1 1 1 1 0 0 0 1 1 1 1 0 0 
0.0158978
8.96201
25.3101
building time: 0
solving time: 0

0 0 1 1 1 1 0 0 0 0 1 1 1 0 0 1 1 1 1 0 1 0 0 0 1 1 1 0 0 1 1 1 1 0 1 0 
0.0144052
10.1492
29.2631
building time: 0
solving time: 0

0 0 1 1 1 1 0 0 0 0 1 1 1 0 0 1 1 1 1 0 1 0 0 1 1 1 1 0 0 1 1 1 1 1 1 0 
0.015012
9.53276
26.6009
building time: 0
solving time: 0

0 0 1 1 1 1 0 0 0 0 0 1 1 0 0 1 1 1 1 0 1 0 1 1 1 0 1 1 0 0 1 1 1 1 0 0 
0.0158402
12.7419
35.9235
building time: 0
solving time: 0

0 0 1 1 1 1 0 0 0 0 0 1 1 0 0 1 1 1 1 0 1 0 1 1 1 0 1 1 0 1 1 1 1 1 1 0 
0.0162878
13.2814
36.1269
building time: 0
solving time: 0

0 0 1 1 1 1 0 0 0 0 1 1 1 0 0 1 1 1 1 0 1 0 1 1 1 1 1 1 0 1 1 1 1 1 1 0 
0.0152604
9.50845
26.0186
building time: 0
solving time: 0

0 0 1 1 1 1 0 0 0 1 1 1 1 0 0 1 1 1 1 1 1 0 1 1 1 1 1 1 0 1 1 1 1 1 1 0 
0.015493
8.45811
22.8774
building time: 0
solving time: 0

0 0 1 1 1 1 0 0 1 1 1 1 1 1 0 0 1 1 1 1 0 0 0 1 1 1 1 0 0 0 1 1 1 1 0 0 
0.0156587
8.33912
22.9179
building time: 0
solving time: 0

0 0 1 1 1 1 0 0 1 1 1 1 1 1 0 0 1 1 1 1 0 0 0 0 1 1 1 0 0 1 1 1 1 0 1 0 
0.0161442
8.84214
24.4273
building time: 0
solving time: 0

0 0 1 1 1 1 0 0 1 1 1 0 1 1 0 0 1 1 1 1 0 0 0 1 1 1 1 0 0 1 1 0 1 1 1 0 
0.0161149
8.17323
22.4685
building time: 0
solving time: 0

0 0 1 1 1 1 0 0 1 1 1 1 1 1 0 0 1 1 1 1 0 0 0 1 1 1 1 0 0 1 1 1 1 1 1 0 
0.0158169
8.24735
22.4663
building time: 0
solving time: 0

0 0 1 1 1 1 0 0 1 1 1 1 1 1 0 0 1 1 1 1 0 0 1 1 1 1 1 1 0 0 1 1 1 1 0 0 
0.015873
7.95619
21.5752
building time: 0
solving time: 0

0 0 1 1 1 1 0 0 1 1 1 1 1 1 0 0 1 1 1 1 0 0 1 1 1 1 1 1 0 1 1 1 1 1 1 0 
0.0158296
8.04226
21.7058
building time: 0
solving time: 0

0 0 1 1 1 1 0 0 1 1 1 1 1 1 0 1 1 1 1 1 1 0 1 1 1 1 1 1 0 1 1 1 1 1 1 0 
0.0157689
8.01332
21.4773
building time: 0
solving time: 0

0 1 1 1 1 1 1 0 1 1 1 1 1 1 0 1 1 1 1 1 1 0 1 1 1 1 1 1 0 1 1 1 1 1 1 0 
0.015873
7.80556
20.7817
building time: 0
solving time: 0

