0 0 0 0 0 1 0 0 0 0 0 1 0 0 0 0 0 1 0 0 0 0 0 1 0 0 0 0 0 1 1 1 1 1 1 0 
0.236364
8.16667
16.8476
building time: 0.000139
solving time: 0.000226

0 0 0 0 1 1 0 0 0 0 0 1 0 0 0 0 0 1 0 0 0 0 0 1 1 0 0 0 0 0 1 1 1 1 0 0 
0.270779
11.6201
24.5438
building time: 0.000145
solving time: 0.00033

0 0 0 0 1 1 0 0 0 0 0 1 0 0 0 0 0 1 0 0 0 0 0 1 1 0 0 0 0 1 1 1 1 1 1 0 
0.267099
9.71554
19.6926
building time: 0.00018
solving time: 0.000356

0 0 0 0 1 1 0 0 0 0 1 0 0 0 0 0 0 1 0 0 0 0 0 1 1 1 0 0 0 0 1 0 1 1 0 0 
0.307011
16.1618
34.7493
building time: 0.000137
solving time: 0.000297

0 0 0 0 1 0 0 0 0 0 1 0 0 0 0 0 0 1 0 0 0 0 0 1 1 1 0 0 0 1 0 0 1 1 1 0 
0.283599
12.835
27.4286
building time: 0.000129
solving time: 0.000251

0 0 0 0 1 1 0 0 0 0 1 1 0 0 0 0 0 1 0 0 0 0 0 1 1 1 0 0 0 0 1 1 1 1 0 0 
0.3055
12.0505
24.2625
building time: 0.000141
solving time: 0.000276

0 0 0 0 1 1 0 0 0 0 1 0 0 0 0 0 0 1 0 0 0 0 0 1 1 1 0 0 0 1 1 0 1 1 1 0 
0.28808
11.4943
23.771
building time: 0.000135
solving time: 0.000286

0 0 0 0 1 1 0 0 0 0 1 1 0 0 0 0 0 1 0 0 0 0 0 1 1 1 0 0 0 1 1 1 1 1 1 0 
0.290402
10.5268
21.0201
building time: 0.000139
solving time: 0.000318

0 0 0 0 1 1 0 0 0 0 1 1 0 0 0 0 1 0 0 0 0 0 0 1 1 1 1 0 0 0 1 1 0 1 0 0 
0.319873
13.4114
27.3507
building time: 0.000127
solving time: 0.000239

0 0 0 0 1 1 0 0 0 0 1 1 0 0 0 0 1 1 0 0 0 0 0 1 1 1 1 0 0 0 1 1 1 1 0 0 
0.325901
12.1207
23.767
building time: 0.000139
solving time: 0.000267

0 0 0 0 1 1 0 0 0 0 1 1 0 0 0 0 1 0 0 0 0 0 0 1 1 1 1 0 0 1 1 1 0 1 1 0 
0.299416
11.2738
22.7849
building time: 0.000165
solving time: 0.000338

0 0 0 0 1 1 0 0 0 0 1 1 0 0 0 0 1 1 0 0 0 0 0 1 1 1 1 0 0 1 1 1 1 1 1 0 
0.30651
10.8924
21.42
building time: 0.000176
solving time: 0.000322

0 0 0 0 1 1 0 0 0 0 1 1 0 0 0 0 1 1 0 0 0 0 1 1 1 1 1 1 0 0 1 1 1 1 0 0 
0.337763
11.8946
22.7396
building time: 0.000156
solving time: 0.000203

0 0 0 0 1 1 0 0 0 0 1 1 0 0 0 0 1 1 0 0 0 0 1 1 1 1 1 1 0 1 1 1 1 1 1 0 
0.317387
10.9346
21.0854
building time: 0.000176
solving time: 0.000261

0 0 0 1 0 1 0 0 0 0 1 1 0 0 0 0 0 1 1 0 0 0 0 0 0 1 0 0 0 0 1 1 1 0 0 0 
0.304458
15.2246
31.8689
building time: 0.000143
solving time: 0.000266

0 0 0 1 0 1 0 0 0 0 1 1 0 0 0 0 0 1 1 0 0 0 0 1 0 1 0 0 0 0 1 1 1 1 0 0 
0.301424
13.6496
27.9422
building time: 0.000135
solving time: 0.000292

0 0 0 1 0 1 0 0 0 0 1 1 0 0 0 0 0 1 1 0 0 0 0 1 0 1 0 0 0 1 1 1 1 1 1 0 
0.299368
11.6141
23.0356
building time: 0.000133
solving time: 0.000237

0 0 0 1 1 1 0 0 0 0 1 1 0 0 0 0 0 1 1 0 0 0 0 0 1 1 0 0 0 0 1 1 1 0 0 0 
0.319269
13.1779
26.5276
building time: 0.000149
solving time: 0.000278

0 0 0 1 1 0 0 0 0 0 1 1 0 0 0 0 0 1 1 0 0 0 0 1 1 1 0 0 0 0 0 1 1 1 0 0 
0.340769
14.4395
28.5969
building time: 0.000133
solving time: 0.000258

0 0 0 1 1 1 0 0 0 0 1 0 0 0 0 0 0 1 1 0 0 0 0 0 1 1 0 0 0 1 1 0 1 0 1 0 
0.301061
12.4861
25.5995
building time: 0.000129
solving time: 0.000227

0 0 0 1 1 1 0 0 0 0 1 1 0 0 0 0 0 1 1 0 0 0 0 1 1 1 0 0 0 0 1 1 1 1 0 0 
0.325576
12.5646
24.6652
building time: 0.000157
solving time: 0.000333

0 0 0 1 1 1 0 0 0 0 1 1 0 0 0 0 0 1 1 0 0 0 0 0 1 1 0 0 0 1 1 1 1 0 1 0 
0.310071
12.2606
24.6454
building time: 0.000198
solving time: 0.000397

0 0 0 1 1 1 0 0 0 0 1 1 0 0 0 0 0 1 1 0 0 0 0 1 1 1 0 0 0 1 1 1 1 1 1 0 
0.315516
11.5128
22.4827
building time: 0.000174
solving time: 0.000311

0 0 0 1 0 1 0 0 0 0 1 1 0 0 0 0 1 0 1 0 0 0 0 0 0 1 1 0 0 0 1 1 0 0 0 0 
0.331806
19.6732
41.734
building time: 0.000151
solving time: 0.000297

0 0 0 1 0 1 0 0 0 0 1 1 0 0 0 0 1 1 1 0 0 0 0 0 0 1 1 0 0 0 1 1 1 0 0 0 
0.33745
16.0595
32.2339
building time: 0.000149
solving time: 0.000274

0 0 0 1 0 1 0 0 0 0 1 1 0 0 0 0 1 0 1 0 0 0 0 1 0 1 1 0 0 0 1 1 0 1 0 0 
0.337036
19.141
39.7456
building time: 0.000195
solving time: 0.000397

0 0 0 1 0 1 0 0 0 0 1 1 0 0 0 0 1 0 1 0 0 0 0 0 0 1 1 0 0 1 1 1 0 0 1 0 
0.317572
15.3689
31.8338
building time: 0.000128
solving time: 0.000263

0 0 0 1 0 1 0 0 0 0 1 0 0 0 0 0 1 0 1 0 0 0 0 1 0 1 1 0 0 1 1 0 0 1 1 0 
0.314024
15.3567
32.0329
building time: 0.000202
solving time: 0.000387

0 0 0 1 0 1 0 0 0 0 1 1 0 0 0 0 1 1 1 0 0 0 0 1 0 1 1 0 0 0 1 1 1 1 0 0 
0.33825
14.3352
28.0784
building time: 0.000137
solving time: 0.000256

0 0 0 1 0 1 0 0 0 0 1 1 0 0 0 0 1 1 1 0 0 0 0 0 0 1 1 0 0 1 1 1 1 0 1 0 
0.322813
14.7848
29.6848
building time: 0.000176
solving time: 0.000308

0 0 0 1 0 1 0 0 0 0 1 1 0 0 0 0 1 0 1 0 0 0 0 1 0 1 1 0 0 1 1 1 0 1 1 0 
0.320943
13.7547
27.663
building time: 0.000196
solving time: 0.000412

0 0 0 1 0 1 0 0 0 0 1 1 0 0 0 0 1 1 1 0 0 0 0 1 0 1 1 0 0 1 1 1 1 1 1 0 
0.32399
12.679
24.7088
building time: 0.000175
solving time: 0.00037

0 0 0 1 1 1 0 0 0 0 0 1 0 0 0 0 0 1 1 0 0 0 1 1 1 0 0 1 0 0 1 1 1 1 0 0 
0.308889
12.2232
24.5712
building time: 0.000142
solving time: 0.000264

0 0 0 1 1 1 0 0 0 0 0 1 0 0 0 0 0 1 1 0 0 0 1 1 1 0 0 1 0 1 1 1 1 1 1 0 
0.304349
11.095
21.936
building time: 0.000142
solving time: 0.000261

0 0 0 1 1 0 0 0 0 0 1 1 0 0 0 0 1 1 1 0 0 0 0 1 1 1 1 0 0 0 0 1 1 1 0 0 
0.356935
13.827
26.394
building time: 0.000164
solving time: 0.000286

0 0 0 1 1 1 0 0 0 0 1 1 0 0 0 0 1 1 1 0 0 0 0 1 1 1 1 0 0 0 1 1 1 1 0 0 
0.348952
12.9382
24.6355
building time: 0.000151
solving time: 0.000259

0 0 0 1 1 1 0 0 0 0 1 1 0 0 0 0 1 1 1 0 0 0 0 0 1 1 1 0 0 1 1 1 1 0 1 0 
0.324198
12.5726
24.6957
building time: 0.00014
solving time: 0.000249

0 0 0 1 1 1 0 0 0 0 1 1 0 0 0 0 1 0 1 0 0 0 0 1 1 1 1 0 0 1 1 1 0 1 1 0 
0.323871
12.2334
23.9938
building time: 0.000197
solving time: 0.000375

0 0 0 1 1 0 0 0 0 0 1 1 0 0 0 0 1 1 1 0 0 0 0 1 1 1 1 0 0 1 0 1 1 1 1 0 
0.337935
12.6696
24.3197
building time: 0.00016
solving time: 0.00029

0 0 0 1 1 1 0 0 0 0 1 1 0 0 0 0 1 1 1 0 0 0 0 1 1 1 1 0 0 1 1 1 1 1 1 0 
0.333046
12.0024
22.9693
building time: 0.000165
solving time: 0.000272

0 0 0 1 1 1 0 0 0 0 1 1 0 0 0 0 0 1 1 0 0 0 1 1 1 1 0 1 0 0 1 1 1 1 0 0 
0.335638
12.554
24.3457
building time: 0.000146
solving time: 0.000261

0 0 0 1 1 1 0 0 0 0 1 0 0 0 0 0 0 1 1 0 0 0 1 1 1 1 0 1 0 1 1 0 1 1 1 0 
0.313049
11.8466
23.6098
building time: 0.000207
solving time: 0.000371

0 0 0 1 1 1 0 0 0 0 1 1 0 0 0 0 0 1 1 0 0 0 1 1 1 1 0 1 0 1 1 1 1 1 1 0 
0.323359
11.5888
22.4608
building time: 0.000215
solving time: 0.000364

0 0 0 1 1 1 0 0 0 0 1 1 0 0 0 0 1 1 1 0 0 0 1 1 1 1 1 1 0 0 1 1 1 1 0 0 
0.351953
12.5041
23.5612
building time: 0.000157
solving time: 0.000243

0 0 0 1 1 1 0 0 0 0 1 1 0 0 0 0 1 1 1 0 0 0 1 1 1 1 1 1 0 1 1 1 1 1 1 0 
0.336402
11.7271
22.2447
building time: 0.000161
solving time: 0.000249

0 0 0 1 1 1 0 0 0 1 1 1 0 0 0 0 0 1 1 1 0 0 0 0 1 1 0 0 0 0 1 1 1 0 0 0 
0.338464
13.226
25.7761
building time: 0.000164
solving time: 0.000314

0 0 0 1 1 1 0 0 0 1 1 1 0 0 0 0 0 1 1 1 0 0 0 1 1 1 0 0 0 0 1 1 1 1 0 0 
0.336231
12.5742
24.3293
building time: 0.000248
solving time: 0.000411

0 0 0 1 1 1 0 0 0 1 1 1 0 0 0 0 0 1 1 1 0 0 0 1 1 1 0 0 0 1 1 1 1 1 1 0 
0.332858
11.9041
22.8534
building time: 0.000211
solving time: 0.000342

0 0 0 1 1 0 0 0 0 1 0 1 0 0 0 0 1 1 1 1 0 0 0 0 1 0 1 0 0 0 0 1 1 0 0 0 
0.364367
16.0483
31.1498
building time: 0.000155
solving time: 0.000204

0 0 0 1 1 1 0 0 0 1 0 1 0 0 0 0 1 1 1 1 0 0 0 0 1 0 1 0 0 0 1 1 1 0 0 0 
0.356097
14.2167
27.2007
building time: 0.000195
solving time: 0.000326

0 0 0 1 1 1 0 0 0 1 0 0 0 0 0 0 1 1 1 1 0 0 0 1 1 0 1 0 0 0 1 0 1 1 0 0 
0.338434
13.8238
27.139
building time: 0.000212
solving time: 0.000372

0 0 0 1 1 0 0 0 0 1 0 1 0 0 0 0 1 1 1 1 0 0 0 1 1 0 1 0 0 0 0 1 1 1 0 0 
0.356818
14.7822
28.5184
building time: 0.000176
solving time: 0.000307

0 0 0 1 1 1 0 0 0 1 0 0 0 0 0 0 1 0 1 1 0 0 0 1 1 0 1 0 0 1 1 0 0 1 1 0 
0.321896
13.529
27.3713
building time: 0.000155
solving time: 0.000268

0 0 0 1 1 0 0 0 0 1 0 1 0 0 0 0 1 0 1 1 0 0 0 1 1 0 1 0 0 1 0 1 0 1 1 0 
0.337684
13.8206
27.2624
building time: 0.000138
solving time: 0.00026

0 0 0 1 1 1 0 0 0 1 0 1 0 0 0 0 1 1 1 1 0 0 0 1 1 0 1 0 0 0 1 1 1 1 0 0 
0.349178
13.5996
26.01
building time: 0.000137
solving time: 0.000231

0 0 0 1 1 1 0 0 0 1 0 1 0 0 0 0 1 0 1 1 0 0 0 1 1 0 1 0 0 1 1 1 0 1 1 0 
0.334324
13.3899
26.2568
building time: 0.000194
solving time: 0.000348

0 0 0 1 1 0 0 0 0 1 0 1 0 0 0 0 1 1 1 1 0 0 0 1 1 0 1 0 0 1 0 1 1 1 1 0 
0.348356
13.3246
25.5126
building time: 0.000174
solving time: 0.000288

0 0 0 1 1 1 0 0 0 1 0 1 0 0 0 0 1 1 1 1 0 0 0 1 1 0 1 0 0 1 1 1 1 1 1 0 
0.341903
12.6691
24.1439
building time: 0.000169
solving time: 0.000277

0 0 0 1 1 1 0 0 0 1 1 1 0 0 0 0 1 1 1 1 0 0 0 0 1 1 1 0 0 0 1 1 1 0 0 0 
0.362231
13.4007
25.1774
building time: 0.000155
solving time: 0.000239

0 0 0 1 1 1 0 0 0 1 1 1 0 0 0 0 1 0 1 1 0 0 0 1 1 1 1 0 0 0 1 1 0 1 0 0 
0.346688
13.7351
26.6167
building time: 0.000161
solving time: 0.000273

0 0 0 1 1 1 0 0 0 1 1 1 0 0 0 0 1 1 1 1 0 0 0 1 1 1 1 0 0 0 1 1 1 1 0 0 
0.363087
13.1499
24.5746
building time: 0.00017
solving time: 0.000266

0 0 0 1 1 1 0 0 0 1 1 1 0 0 0 0 1 1 1 1 0 0 0 0 1 1 1 0 0 1 1 1 1 0 1 0 
0.352696
12.949
24.4396
building time: 0.00016
solving time: 0.00026

0 0 0 1 1 1 0 0 0 1 1 1 0 0 0 0 1 1 1 1 0 0 0 1 1 1 1 0 0 1 1 1 1 1 1 0 
0.352316
12.4862
23.4175
building time: 0.000172
solving time: 0.000312

0 0 0 1 1 1 0 0 0 1 1 1 0 0 0 0 0 1 1 1 0 0 1 1 1 1 0 1 0 0 1 1 1 1 0 0 
0.34041
12.5892
24.2168
building time: 0.000223
solving time: 0.000379

0 0 0 1 1 1 0 0 0 1 1 0 0 0 0 0 0 1 1 1 0 0 1 1 1 1 0 1 0 1 1 0 1 1 1 0 
0.331066
12.2798
23.8313
building time: 0.000222
solving time: 0.000396

0 0 0 1 1 1 0 0 0 1 1 1 0 0 0 0 0 1 1 1 0 0 1 1 1 1 0 1 0 1 1 1 1 1 1 0 
0.334868
11.8963
22.7927
building time: 0.000182
solving time: 0.000303

0 0 0 1 1 1 0 0 0 1 0 1 0 0 0 0 1 1 1 1 0 0 1 1 1 0 1 1 0 0 1 1 1 1 0 0 
0.352193
12.8131
24.1959
building time: 0.000225
solving time: 0.000404

0 0 0 1 1 0 0 0 0 1 0 1 0 0 0 0 1 1 1 1 0 0 1 1 1 0 1 1 0 1 0 1 1 1 1 0 
0.341226
12.453
23.7811
building time: 0.0002
solving time: 0.000304

0 0 0 1 1 1 0 0 0 1 0 1 0 0 0 0 1 1 1 1 0 0 1 1 1 0 1 1 0 1 1 1 1 1 1 0 
0.343622
12.1797
23.0353
building time: 0.000171
solving time: 0.000267

0 0 0 1 1 1 0 0 0 1 1 1 0 0 0 0 1 1 1 1 0 0 1 1 1 1 1 1 0 1 1 1 1 1 1 0 
0.350095
12.1216
22.683
building time: 0.000185
solving time: 0.00028

0 0 0 1 1 1 0 0 0 1 1 1 0 0 0 1 1 1 1 1 1 0 0 0 1 1 1 0 0 0 1 1 1 0 0 0 
0.374535
13.2785
24.4805
building time: 0.000153
solving time: 0.000184

0 0 0 1 1 1 0 0 0 1 1 1 0 0 0 1 1 1 1 1 1 0 0 1 1 1 1 0 0 0 1 1 1 1 0 0 
0.370435
13.0347
24.0504
building time: 0.000201
solving time: 0.000313

0 0 0 1 1 1 0 0 0 1 1 1 0 0 0 1 1 0 1 1 1 0 0 1 1 1 1 0 0 1 1 1 0 1 1 0 
0.360538
12.6955
23.655
building time: 0.000189
solving time: 0.000281

0 0 0 1 1 1 0 0 0 1 1 1 0 0 0 1 1 1 1 1 1 0 0 1 1 1 1 0 0 1 1 1 1 1 1 0 
0.364947
12.6188
23.3014
building time: 0.000169
solving time: 0.000249

0 0 0 1 1 1 0 0 0 1 1 1 0 0 0 1 1 1 1 1 1 0 1 1 1 1 1 1 0 1 1 1 1 1 1 0 
0.359344
12.2431
22.643
building time: 0.000182
solving time: 0.000213

0 0 1 0 1 1 0 0 0 1 0 1 1 0 0 0 1 1 0 1 0 0 0 0 1 0 1 0 0 0 1 1 1 0 0 0 
0.337065
16.4221
33.025
building time: 0.000157
solving time: 0.000277

0 0 1 0 1 1 0 0 0 1 0 1 1 0 0 0 1 0 0 1 0 0 0 1 1 0 1 0 0 0 1 1 0 1 0 0 
0.346796
18.5302
37.6222
building time: 0.000134
solving time: 0.000245

0 0 1 0 1 1 0 0 0 1 0 1 1 0 0 0 1 1 0 1 0 0 0 1 1 0 1 0 0 0 1 1 1 1 0 0 
0.343279
14.7476
28.8759
building time: 0.000134
solving time: 0.000253

0 0 1 0 1 1 0 0 0 1 0 1 1 0 0 0 1 1 0 1 0 0 0 0 1 0 1 0 0 1 1 1 1 0 1 0 
0.334608
15.5883
30.908
building time: 0.000125
solving time: 0.000213

0 0 1 0 1 1 0 0 0 1 0 1 1 0 0 0 1 1 0 1 0 0 0 1 1 0 1 0 0 1 1 1 1 1 1 0 
0.338921
13.4554
25.9321
building time: 0.000204
solving time: 0.000323

0 0 1 0 1 1 0 0 0 1 1 1 1 0 0 0 1 0 0 1 0 0 0 1 1 1 1 0 0 0 1 1 0 1 0 0 
0.358601
14.5073
27.8511
building time: 0.000168
solving time: 0.000265

0 0 1 0 1 1 0 0 0 1 1 1 1 0 0 0 1 1 0 1 0 0 0 1 1 1 1 0 0 0 1 1 1 1 0 0 
0.360894
13.5278
25.501
building time: 0.000169
solving time: 0.000295

0 0 1 0 1 1 0 0 0 1 1 1 1 0 0 0 1 1 0 1 0 0 0 0 1 1 1 0 0 1 1 1 1 0 1 0 
0.34003
13.374
25.9098
building time: 0.000154
solving time: 0.000257

0 0 1 0 1 1 0 0 0 1 1 1 1 0 0 0 1 0 0 1 0 0 0 1 1 1 1 0 0 1 1 1 0 1 1 0 
0.349712
13.3747
25.5201
building time: 0.000155
solving time: 0.000265

0 0 1 0 1 1 0 0 0 1 1 0 1 0 0 0 1 1 0 1 0 0 0 1 1 1 1 0 0 1 1 0 1 1 1 0 
0.352978
13.4176
25.3973
building time: 0.000158
solving time: 0.000266

0 0 1 0 1 1 0 0 0 1 1 1 1 0 0 0 1 1 0 1 0 0 0 1 1 1 1 0 0 1 1 1 1 1 1 0 
0.351006
12.8308
24.192
building time: 0.000213
solving time: 0.000347

0 0 1 0 1 1 0 0 0 1 1 1 1 0 0 0 1 1 0 1 0 0 1 1 1 1 1 1 0 0 1 1 1 1 0 0 
0.367873
13.2247
24.5756
building time: 0.000177
solving time: 0.000258

0 0 1 0 1 1 0 0 0 1 1 1 1 0 0 0 1 1 0 1 0 0 1 1 1 1 1 1 0 1 1 1 1 1 1 0 
0.35638
12.6215
23.5418
building time: 0.00018
solving time: 0.000253

0 0 1 1 0 1 0 0 0 1 1 1 1 0 0 0 1 1 1 1 0 0 0 0 0 1 1 0 0 0 1 1 1 0 0 0 
0.36238
13.5917
25.6267
building time: 0.000161
solving time: 0.000265

0 0 1 1 0 1 0 0 0 1 1 1 1 0 0 0 1 0 1 1 0 0 0 1 0 1 1 0 0 0 1 1 0 1 0 0 
0.363015
14.239
26.9829
building time: 0.000188
solving time: 0.000302

0 0 1 1 0 1 0 0 0 1 1 1 1 0 0 0 1 1 1 1 0 0 0 1 0 1 1 0 0 0 1 1 1 1 0 0 
0.363233
13.4435
25.1909
building time: 0.000152
solving time: 0.000238

0 0 1 1 0 1 0 0 0 1 1 1 1 0 0 0 1 1 1 1 0 0 0 1 0 1 1 0 0 1 1 1 1 1 1 0 
0.361194
12.9713
24.1679
building time: 0.000158
solving time: 0.000192

0 0 1 1 1 0 0 0 0 1 1 1 1 0 0 0 1 1 1 1 0 0 0 1 1 1 1 0 0 0 0 1 1 1 0 0 
0.373046
13.6828
25.4415
building time: 0.000216
solving time: 0.000271

0 0 1 1 1 1 0 0 0 1 1 1 1 0 0 0 1 1 1 1 0 0 0 1 1 1 1 0 0 0 1 1 1 1 0 0 
0.369252
13.2027
24.4625
building time: 0.000184
solving time: 0.000293

0 0 1 1 1 1 0 0 0 1 1 1 1 0 0 0 1 0 1 1 0 0 0 1 1 1 1 0 0 1 1 1 0 1 1 0 
0.359449
12.9594
24.2611
building time: 0.000176
solving time: 0.000283

0 0 1 1 1 1 0 0 0 1 1 1 1 0 0 0 1 1 1 1 0 0 0 1 1 1 1 0 0 1 1 1 1 1 1 0 
0.36447
12.7938
23.6802
building time: 0.000182
solving time: 0.000285

0 0 1 1 1 1 0 0 0 1 1 1 1 0 0 0 1 1 1 1 0 0 1 1 1 1 1 1 0 1 1 1 1 1 1 0 
0.365061
12.5956
23.2244
building time: 0.000249
solving time: 0.000348

0 0 1 1 1 1 0 0 0 0 1 1 1 0 0 1 1 1 1 0 1 0 0 1 1 1 1 0 0 0 1 1 1 1 0 0 
0.361152
12.997
24.2435
building time: 0.000195
solving time: 0.000324

0 0 1 1 1 1 0 0 0 0 1 1 1 0 0 1 1 1 1 0 1 0 0 0 1 1 1 0 0 1 1 1 1 0 1 0 
0.350633
12.7653
24.1178
building time: 0.00019
solving time: 0.000385

0 0 1 1 1 1 0 0 0 0 1 1 1 0 0 1 1 1 1 0 1 0 0 1 1 1 1 0 0 1 1 1 1 1 1 0 
0.356473
12.5624
23.4458
building time: 0.000201
solving time: 0.000331

0 0 1 1 1 1 0 0 0 0 0 1 1 0 0 1 1 1 1 0 1 0 1 1 1 0 1 1 0 0 1 1 1 1 0 0 
0.341788
12.5617
24.0652
building time: 0.000194
solving time: 0.000317

0 0 1 1 1 1 0 0 0 0 0 1 1 0 0 1 1 1 1 0 1 0 1 1 1 0 1 1 0 1 1 1 1 1 1 0 
0.341527
12.0769
22.9795
building time: 0.000167
solving time: 0.000255

0 0 1 1 1 1 0 0 0 0 1 1 1 0 0 1 1 1 1 0 1 0 1 1 1 1 1 1 0 1 1 1 1 1 1 0 
0.358549
12.374
22.9627
building time: 0.000179
solving time: 0.000249

0 0 1 1 1 1 0 0 0 1 1 1 1 0 0 1 1 1 1 1 1 0 1 1 1 1 1 1 0 1 1 1 1 1 1 0 
0.369621
12.5674
23.0169
building time: 0.000177
solving time: 0.000243

0 0 1 1 1 1 0 0 1 1 1 1 1 1 0 0 1 1 1 1 0 0 0 1 1 1 1 0 0 0 1 1 1 1 0 0 
0.371312
12.988
23.9197
building time: 0.000234
solving time: 0.000341

0 0 1 1 1 1 0 0 1 1 1 1 1 1 0 0 1 1 1 1 0 0 0 0 1 1 1 0 0 1 1 1 1 0 1 0 
0.364641
12.7844
23.6719
building time: 0.000232
solving time: 0.000349

0 0 1 1 1 1 0 0 1 1 1 0 1 1 0 0 1 1 1 1 0 0 0 1 1 1 1 0 0 1 1 0 1 1 1 0 
0.372354
13.0205
23.9356
building time: 0.000207
solving time: 0.000292

0 0 1 1 1 1 0 0 1 1 1 1 1 1 0 0 1 1 1 1 0 0 0 1 1 1 1 0 0 1 1 1 1 1 1 0 
0.371719
12.7995
23.4647
building time: 0.00018
solving time: 0.000302

0 0 1 1 1 1 0 0 1 1 1 1 1 1 0 0 1 1 1 1 0 0 1 1 1 1 1 1 0 0 1 1 1 1 0 0 
0.377562
12.9784
23.6916
building time: 0.000175
solving time: 0.000187

0 0 1 1 1 1 0 0 1 1 1 1 1 1 0 0 1 1 1 1 0 0 1 1 1 1 1 1 0 1 1 1 1 1 1 0 
0.375287
12.7539
23.2473
building time: 0.000165
solving time: 0.000262

0 0 1 1 1 1 0 0 1 1 1 1 1 1 0 1 1 1 1 1 1 0 1 1 1 1 1 1 0 1 1 1 1 1 1 0 
0.37645
12.6578
22.9975
building time: 0.000234
solving time: 0.000289

0 1 1 1 1 1 1 0 1 1 1 1 1 1 0 1 1 1 1 1 1 0 1 1 1 1 1 1 0 1 1 1 1 1 1 0 
0.380314
12.6721
22.907
building time: 0.00022
solving time: 0.000183

