0 0 0 0 1 0 0 0 0 1 0 0 0 0 1 0 0 0 0 1 1 1 1 1 0 
0.2
6.33333
12.2333
building time: 7.4e-05
solving time: 0.000129

0 0 0 1 1 0 0 0 0 1 0 0 0 0 1 1 0 0 0 0 1 1 1 0 0 
0.2
9.06641
18.5471
building time: 8e-05
solving time: 0.000174

0 0 0 1 1 0 0 0 0 1 0 0 0 0 1 1 0 0 0 1 1 1 1 1 0 
0.2
7.46405
14.5885
building time: 7.2e-05
solving time: 0.000148

0 0 0 1 1 0 0 0 1 1 0 0 0 0 1 1 1 0 0 0 1 1 1 0 0 
0.2
8.99096
17.9032
building time: 9.2e-05
solving time: 0.000229

0 0 0 1 1 0 0 0 1 0 0 0 0 0 1 1 1 0 0 1 1 0 1 1 0 
0.2
8.48123
17.025
building time: 7.9e-05
solving time: 0.000156

0 0 0 1 1 0 0 0 1 1 0 0 0 0 1 1 1 0 0 1 1 1 1 1 0 
0.2
7.88666
15.4051
building time: 9.4e-05
solving time: 0.000182

0 0 0 1 1 0 0 0 1 1 0 0 0 1 1 1 1 1 0 0 1 1 1 0 0 
0.2
8.66667
16.8917
building time: 8.5e-05
solving time: 0.000135

0 0 0 1 1 0 0 0 1 1 0 0 0 1 1 1 1 1 0 1 1 1 1 1 0 
0.2
7.90476
15.3007
building time: 8.3e-05
solving time: 0.000114

0 0 1 0 1 0 0 0 1 1 1 0 0 0 0 0 1 0 0 0 1 1 0 0 0 
0.2
11.7143
24.8613
building time: 6.7e-05
solving time: 0.000117

0 0 1 0 1 0 0 0 1 1 1 0 0 0 1 0 1 0 0 0 1 1 1 0 0 
0.2
10.5974
22.0075
building time: 6.4e-05
solving time: 0.000133

0 0 1 0 1 0 0 0 1 1 1 0 0 0 1 0 1 0 0 1 1 1 1 1 0 
0.2
8.90476
17.83
building time: 7.5e-05
solving time: 0.000115

0 0 1 1 0 0 0 0 1 1 1 0 0 0 1 1 1 0 0 0 0 1 1 0 0 
0.2
10
20
building time: 8.3e-05
solving time: 0.000134

0 0 1 1 1 0 0 0 1 1 1 0 0 0 1 1 1 0 0 0 1 1 1 0 0 
0.2
9.07091
17.9291
building time: 9e-05
solving time: 0.000163

0 0 1 1 1 0 0 0 1 1 1 0 0 0 1 1 1 0 0 1 1 1 1 1 0 
0.2
8.46961
16.5762
building time: 8.2e-05
solving time: 0.000146

0 0 1 1 1 0 0 0 0 1 1 0 0 1 1 1 0 1 0 0 1 1 1 0 0 
0.2
8.81271
17.5773
building time: 7.9e-05
solving time: 0.000148

0 0 1 1 1 0 0 0 0 1 1 0 0 1 1 1 0 1 0 1 1 1 1 1 0 
0.2
8.15301
15.9325
building time: 7.5e-05
solving time: 0.000129

0 0 1 1 1 0 0 0 1 1 1 0 0 1 1 1 1 1 0 1 1 1 1 1 0 
0.2
8.29002
16.0755
building time: 7.9e-05
solving time: 0.000132

0 0 1 1 1 0 0 1 1 1 1 1 0 0 1 1 1 0 0 0 1 1 1 0 0 
0.2
8.76042
17.0942
building time: 7.4e-05
solving time: 0.000121

0 0 1 1 1 0 0 1 1 1 1 1 0 0 1 1 1 0 0 1 1 1 1 1 0 
0.2
8.54338
16.5558
building time: 7.2e-05
solving time: 0.000104

0 0 1 1 1 0 0 1 1 1 1 1 0 1 1 1 1 1 0 1 1 1 1 1 0 
0.2
8.34483
16.089
building time: 7.1e-05
solving time: 0.000113

0 1 1 1 1 1 0 1 1 1 1 1 0 1 1 1 1 1 0 1 1 1 1 1 0 
0.2
8.33333
16
building time: 7.2e-05
solving time: 9.5e-05

