0 0 0 0 1 0 0 0 0 1 0 0 0 0 1 0 0 0 0 1 1 1 1 1 0 
0.252
6.5
12.3232
building time: 7.3e-05
solving time: 0.00013

0 0 0 1 1 0 0 0 0 1 0 0 0 0 1 1 0 0 0 0 1 1 1 0 0 
0.27972
9.32718
18.2771
building time: 7.9e-05
solving time: 0.000174

0 0 0 1 1 0 0 0 0 1 0 0 0 0 1 1 0 0 0 1 1 1 1 1 0 
0.277336
7.73101
14.498
building time: 7.4e-05
solving time: 0.000183

0 0 0 1 1 0 0 0 1 1 0 0 0 0 1 1 1 0 0 0 1 1 1 0 0 
0.306611
9.37263
17.5074
building time: 7.5e-05
solving time: 0.000151

0 0 0 1 1 0 0 0 1 0 0 0 0 0 1 1 1 0 0 1 1 0 1 1 0 
0.289257
8.80655
16.8355
building time: 8.3e-05
solving time: 0.000172

0 0 0 1 1 0 0 0 1 1 0 0 0 0 1 1 1 0 0 1 1 1 1 1 0 
0.294968
8.23006
15.2118
building time: 8.9e-05
solving time: 0.000187

0 0 0 1 1 0 0 0 1 1 0 0 0 1 1 1 1 1 0 0 1 1 1 0 0 
0.320543
9.07905
16.4041
building time: 8.6e-05
solving time: 0.000148

0 0 0 1 1 0 0 0 1 1 0 0 0 1 1 1 1 1 0 1 1 1 1 1 0 
0.306243
8.28518
14.9917
building time: 7.8e-05
solving time: 0.000128

0 0 1 0 1 0 0 0 1 1 1 0 0 0 0 0 1 0 0 0 1 1 0 0 0 
0.301846
12.1471
24.1717
building time: 6.3e-05
solving time: 0.000131

0 0 1 0 1 0 0 0 1 1 1 0 0 0 1 0 1 0 0 0 1 1 1 0 0 
0.303833
11.0983
21.3923
building time: 7.1e-05
solving time: 0.000151

0 0 1 0 1 0 0 0 1 1 1 0 0 0 1 0 1 0 0 1 1 1 1 1 0 
0.304662
9.37781
17.4213
building time: 7.5e-05
solving time: 0.000122

0 0 1 1 0 0 0 0 1 1 1 0 0 0 1 1 1 0 0 0 0 1 1 0 0 
0.327273
10.4545
19.2424
building time: 8.3e-05
solving time: 0.000123

0 0 1 1 1 0 0 0 1 1 1 0 0 0 1 1 1 0 0 0 1 1 1 0 0 
0.320126
9.53043
17.3758
building time: 9.1e-05
solving time: 0.000169

0 0 1 1 1 0 0 0 1 1 1 0 0 0 1 1 1 0 0 1 1 1 1 1 0 
0.314936
8.91865
16.1588
building time: 8e-05
solving time: 0.000147

0 0 1 1 1 0 0 0 0 1 1 0 0 1 1 1 0 1 0 0 1 1 1 0 0 
0.305105
9.23281
17.2163
building time: 7.8e-05
solving time: 0.000145

0 0 1 1 1 0 0 0 0 1 1 0 0 1 1 1 0 1 0 1 1 1 1 1 0 
0.304755
8.55376
15.6802
building time: 7.6e-05
solving time: 0.000144

0 0 1 1 1 0 0 0 1 1 1 0 0 1 1 1 1 1 0 1 1 1 1 1 0 
0.319281
8.74767
15.6672
building time: 8e-05
solving time: 0.000139

0 0 1 1 1 0 0 1 1 1 1 1 0 0 1 1 1 0 0 0 1 1 1 0 0 
0.326041
9.23434
16.5649
building time: 7.5e-05
solving time: 0.00013

0 0 1 1 1 0 0 1 1 1 1 1 0 0 1 1 1 0 0 1 1 1 1 1 0 
0.327882
9.03422
16.0711
building time: 7.2e-05
solving time: 0.000112

0 0 1 1 1 0 0 1 1 1 1 1 0 1 1 1 1 1 0 1 1 1 1 1 0 
0.32771
8.83739
15.6454
building time: 7.1e-05
solving time: 0.000109

0 1 1 1 1 1 0 1 1 1 1 1 0 1 1 1 1 1 0 1 1 1 1 1 0 
0.332308
8.84615
15.5513
building time: 7.2e-05
solving time: 8.6e-05

