0 0 0 0 1 0 0 0 0 1 0 0 0 0 1 0 0 0 0 1 1 1 1 1 0 
0.2
28.3333
55.9098
building time: 7.9e-05
solving time: 0.000172

0 0 0 1 1 0 0 0 0 1 0 0 0 0 1 1 0 0 0 0 1 1 1 0 0 
0.2
24.8768
52.7749
building time: 5.7e-05
solving time: 0.0002

0 0 0 1 1 0 0 0 0 1 0 0 0 0 1 1 0 0 0 1 1 1 1 1 0 
0.2
20.7664
42.4415
building time: 4.7e-05
solving time: 0.000161

0 0 0 1 1 0 0 0 1 1 0 0 0 0 1 1 1 0 0 0 1 1 1 0 0 
0.2
14.1849
29.1497
building time: 4.5e-05
solving time: 0.000145

0 0 0 1 1 0 0 0 1 0 0 0 0 0 1 1 1 0 0 1 1 0 1 1 0 
0.2
19.6685
41.1924
building time: 6e-05
solving time: 0.000201

0 0 0 1 1 0 0 0 1 1 0 0 0 0 1 1 1 0 0 1 1 1 1 1 0 
0.2
15.6803
31.9462
building time: 5.8e-05
solving time: 0.000198

0 0 0 1 1 0 0 0 1 1 0 0 0 1 1 1 1 1 0 0 1 1 1 0 0 
0.2
10.2598
20.1053
building time: 5e-05
solving time: 0.000139

0 0 0 1 1 0 0 0 1 1 0 0 0 1 1 1 1 1 0 1 1 1 1 1 0 
0.2
12.1283
23.9599
building time: 4.8e-05
solving time: 0.000134

0 0 1 0 1 0 0 0 1 1 1 0 0 0 0 0 1 0 0 0 1 1 0 0 0 
0.2
20.9043
45.4331
building time: 4.6e-05
solving time: 0.000123

0 0 1 0 1 0 0 0 1 1 1 0 0 0 1 0 1 0 0 0 1 1 1 0 0 
0.2
18.0168
39.1136
building time: 4.3e-05
solving time: 0.000152

0 0 1 0 1 0 0 0 1 1 1 0 0 0 1 0 1 0 0 1 1 1 1 1 0 
0.2
13.941
29.25
building time: 4.6e-05
solving time: 0.00013

0 0 1 1 0 0 0 0 1 1 1 0 0 0 1 1 1 0 0 0 0 1 1 0 0 
0.2
10
20
building time: 5.8e-05
solving time: 0.000135

0 0 1 1 1 0 0 0 1 1 1 0 0 0 1 1 1 0 0 0 1 1 1 0 0 
0.2
10.4326
20.8969
building time: 6e-05
solving time: 0.000192

0 0 1 1 1 0 0 0 1 1 1 0 0 0 1 1 1 0 0 1 1 1 1 1 0 
0.2
10.9526
21.9533
building time: 5.1e-05
solving time: 0.000212

0 0 1 1 1 0 0 0 0 1 1 0 0 1 1 1 0 1 0 0 1 1 1 0 0 
0.2
14.8202
30.9489
building time: 4.5e-05
solving time: 0.000164

0 0 1 1 1 0 0 0 0 1 1 0 0 1 1 1 0 1 0 1 1 1 1 1 0 
0.2
14.0904
28.9697
building time: 4.4e-05
solving time: 0.000137

0 0 1 1 1 0 0 0 1 1 1 0 0 1 1 1 1 1 0 1 1 1 1 1 0 
0.2
10.109
19.9662
building time: 5.3e-05
solving time: 0.000137

0 0 1 1 1 0 0 1 1 1 1 1 0 0 1 1 1 0 0 0 1 1 1 0 0 
0.2
9.26301
18.1661
building time: 4.1e-05
solving time: 0.000119

0 0 1 1 1 0 0 1 1 1 1 1 0 0 1 1 1 0 0 1 1 1 1 1 0 
0.2
8.85286
17.2063
building time: 4e-05
solving time: 0.000105

0 0 1 1 1 0 0 1 1 1 1 1 0 1 1 1 1 1 0 1 1 1 1 1 0 
0.2
8.8632
17.1855
building time: 4e-05
solving time: 0.000109

0 1 1 1 1 1 0 1 1 1 1 1 0 1 1 1 1 1 0 1 1 1 1 1 0 
0.2
8.33333
16
building time: 4.1e-05
solving time: 9.3e-05

