0 0 0 0 1 0 0 0 0 1 0 0 0 0 1 0 0 0 0 1 1 1 1 1 0 
0.273007
6.5641
12.3239
building time: 7.6e-05
solving time: 0.00013

0 0 0 1 1 0 0 0 0 1 0 0 0 0 1 1 0 0 0 0 1 1 1 0 0 
0.310017
9.37039
18.0319
building time: 7.4e-05
solving time: 0.000173

0 0 0 1 1 0 0 0 0 1 0 0 0 0 1 1 0 0 0 1 1 1 1 1 0 
0.307521
7.8118
14.3899
building time: 6.8e-05
solving time: 0.000149

0 0 0 1 1 0 0 0 1 1 0 0 0 0 1 1 1 0 0 0 1 1 1 0 0 
0.346533
9.42712
17.1697
building time: 0.000106
solving time: 0.000214

0 0 0 1 1 0 0 0 1 0 0 0 0 0 1 1 1 0 0 1 1 0 1 1 0 
0.323422
8.88649
16.6397
building time: 0.0001
solving time: 0.000245

0 0 0 1 1 0 0 0 1 1 0 0 0 0 1 1 1 0 0 1 1 1 1 1 0 
0.33177
8.32041
15.0299
building time: 8.4e-05
solving time: 0.000178

0 0 0 1 1 0 0 0 1 1 0 0 0 1 1 1 1 1 0 0 1 1 1 0 0 
0.365927
9.12894
16.0172
building time: 7.8e-05
solving time: 0.000111

0 0 0 1 1 0 0 0 1 1 0 0 0 1 1 1 1 1 0 1 1 1 1 1 0 
0.347566
8.37109
14.7451
building time: 7.6e-05
solving time: 0.000119

0 0 1 0 1 0 0 0 1 1 1 0 0 0 0 0 1 0 0 0 1 1 0 0 0 
0.338937
12.1508
23.5931
building time: 6.2e-05
solving time: 0.000186

0 0 1 0 1 0 0 0 1 1 1 0 0 0 1 0 1 0 0 0 1 1 1 0 0 
0.342899
11.1537
20.9106
building time: 8.1e-05
solving time: 0.000172

0 0 1 0 1 0 0 0 1 1 1 0 0 0 1 0 1 0 0 1 1 1 1 1 0 
0.344891
9.47213
17.1033
building time: 7.4e-05
solving time: 0.000122

0 0 1 1 0 0 0 0 1 1 1 0 0 0 1 1 1 0 0 0 0 1 1 0 0 
0.373435
10.4491
18.6527
building time: 7.7e-05
solving time: 0.000116

0 0 1 1 1 0 0 0 1 1 1 0 0 0 1 1 1 0 0 0 1 1 1 0 0 
0.3654
9.58459
16.9496
building time: 9.2e-05
solving time: 0.00024

0 0 1 1 1 0 0 0 1 1 1 0 0 0 1 1 1 0 0 1 1 1 1 1 0 
0.359231
9.00411
15.8322
building time: 8.1e-05
solving time: 0.000194

0 0 1 1 1 0 0 0 0 1 1 0 0 1 1 1 0 1 0 0 1 1 1 0 0 
0.345337
9.31727
16.9148
building time: 7.8e-05
solving time: 0.000148

0 0 1 1 1 0 0 0 0 1 1 0 0 1 1 1 0 1 0 1 1 1 1 1 0 
0.34535
8.65529
15.4549
building time: 7.5e-05
solving time: 0.000138

0 0 1 1 1 0 0 0 1 1 1 0 0 1 1 1 1 1 0 1 1 1 1 1 0 
0.365529
8.84036
15.3474
building time: 8e-05
solving time: 0.000138

0 0 1 1 1 0 0 1 1 1 1 1 0 0 1 1 1 0 0 0 1 1 1 0 0 
0.373996
9.30178
16.1561
building time: 7.3e-05
solving time: 0.000131

0 0 1 1 1 0 0 1 1 1 1 1 0 0 1 1 1 0 0 1 1 1 1 1 0 
0.377076
9.11891
15.6909
building time: 6.9e-05
solving time: 0.000108

0 0 1 1 1 0 0 1 1 1 1 1 0 1 1 1 1 1 0 1 1 1 1 1 0 
0.377271
8.93418
15.295
building time: 7.2e-05
solving time: 0.00011

0 1 1 1 1 1 0 1 1 1 1 1 0 1 1 1 1 1 0 1 1 1 1 1 0 
0.383776
8.94872
15.1923
building time: 7.2e-05
solving time: 0.000101

