0 0 0 0 0 1 0 0 0 0 0 1 0 0 0 0 0 1 0 0 0 0 0 1 0 0 0 0 0 1 1 1 1 1 1 0 
0.443169
55.5386
95.9154
building time: 0.000115
solving time: 0.000307

0 0 0 0 1 1 0 0 0 0 0 1 0 0 0 0 0 1 0 0 0 0 0 1 1 0 0 0 0 0 1 1 1 1 0 0 
0.416225
49.8718
91.6697
building time: 0.000105
solving time: 0.000466

0 0 0 0 1 1 0 0 0 0 0 1 0 0 0 0 0 1 0 0 0 0 0 1 1 0 0 0 0 1 1 1 1 1 1 0 
0.415429
43.8264
79.6517
building time: 0.00012
solving time: 0.000379

0 0 0 0 1 1 0 0 0 0 1 0 0 0 0 0 0 1 0 0 0 0 0 1 1 1 0 0 0 0 1 0 1 1 0 0 
0.395068
41.7076
79.707
building time: 9.8e-05
solving time: 0.000402

0 0 0 0 1 0 0 0 0 0 1 0 0 0 0 0 0 1 0 0 0 0 0 1 1 1 0 0 0 1 0 0 1 1 1 0 
0.407929
49.9723
94.4823
building time: 8.8e-05
solving time: 0.000294

0 0 0 0 1 1 0 0 0 0 1 1 0 0 0 0 0 1 0 0 0 0 0 1 1 1 0 0 0 0 1 1 1 1 0 0 
0.393376
31.9239
59.861
building time: 8.5e-05
solving time: 0.000338

0 0 0 0 1 1 0 0 0 0 1 0 0 0 0 0 0 1 0 0 0 0 0 1 1 1 0 0 0 1 1 0 1 1 1 0 
0.403404
39.9766
74.813
building time: 8.6e-05
solving time: 0.000399

0 0 0 0 1 1 0 0 0 0 1 1 0 0 0 0 0 1 0 0 0 0 0 1 1 1 0 0 0 1 1 1 1 1 1 0 
0.399855
35.4421
66.1526
building time: 8.5e-05
solving time: 0.000346

0 0 0 0 1 1 0 0 0 0 1 1 0 0 0 0 1 0 0 0 0 0 0 1 1 1 1 0 0 0 1 1 0 1 0 0 
0.387618
29.4244
55.4435
building time: 8.5e-05
solving time: 0.000314

0 0 0 0 1 1 0 0 0 0 1 1 0 0 0 0 1 1 0 0 0 0 0 1 1 1 1 0 0 0 1 1 1 1 0 0 
0.384658
24.648
46.0031
building time: 9.1e-05
solving time: 0.000325

0 0 0 0 1 1 0 0 0 0 1 1 0 0 0 0 1 0 0 0 0 0 0 1 1 1 1 0 0 1 1 1 0 1 1 0 
0.39582
33.5286
62.8976
building time: 0.000107
solving time: 0.000426

0 0 0 0 1 1 0 0 0 0 1 1 0 0 0 0 1 1 0 0 0 0 0 1 1 1 1 0 0 1 1 1 1 1 1 0 
0.392179
28.9098
53.9468
building time: 0.000134
solving time: 0.000473

0 0 0 0 1 1 0 0 0 0 1 1 0 0 0 0 1 1 0 0 0 0 1 1 1 1 1 1 0 0 1 1 1 1 0 0 
0.382878
19.7701
35.8566
building time: 0.000114
solving time: 0.000201

0 0 0 0 1 1 0 0 0 0 1 1 0 0 0 0 1 1 0 0 0 0 1 1 1 1 1 1 0 1 1 1 1 1 1 0 
0.390537
23.4837
42.7348
building time: 8.6e-05
solving time: 0.000232

0 0 0 1 0 1 0 0 0 0 1 1 0 0 0 0 0 1 1 0 0 0 0 0 0 1 0 0 0 0 1 1 1 0 0 0 
0.395108
42.9997
82.2901
building time: 0.000116
solving time: 0.000462

0 0 0 1 0 1 0 0 0 0 1 1 0 0 0 0 0 1 1 0 0 0 0 1 0 1 0 0 0 0 1 1 1 1 0 0 
0.392563
39.7743
76.4987
building time: 8.6e-05
solving time: 0.000408

0 0 0 1 0 1 0 0 0 0 1 1 0 0 0 0 0 1 1 0 0 0 0 1 0 1 0 0 0 1 1 1 1 1 1 0 
0.391931
32.4393
61.1642
building time: 0.000103
solving time: 0.000373

0 0 0 1 1 1 0 0 0 0 1 1 0 0 0 0 0 1 1 0 0 0 0 0 1 1 0 0 0 0 1 1 1 0 0 0 
0.38616
30.0236
57.0039
building time: 9.5e-05
solving time: 0.000354

0 0 0 1 1 0 0 0 0 0 1 1 0 0 0 0 0 1 1 0 0 0 0 1 1 1 0 0 0 0 0 1 1 1 0 0 
0.375935
23.2007
43.8372
building time: 8.5e-05
solving time: 0.000302

0 0 0 1 1 1 0 0 0 0 1 0 0 0 0 0 0 1 1 0 0 0 0 0 1 1 0 0 0 1 1 0 1 0 1 0 
0.395919
37.8347
71.8695
building time: 7.7e-05
solving time: 0.000272

0 0 0 1 1 1 0 0 0 0 1 1 0 0 0 0 0 1 1 0 0 0 0 1 1 1 0 0 0 0 1 1 1 1 0 0 
0.381047
25.2397
47.7655
building time: 0.000112
solving time: 0.000454

0 0 0 1 1 1 0 0 0 0 1 1 0 0 0 0 0 1 1 0 0 0 0 0 1 1 0 0 0 1 1 1 1 0 1 0 
0.388269
32.9004
63.0448
building time: 0.000118
solving time: 0.000522

0 0 0 1 1 1 0 0 0 0 1 1 0 0 0 0 0 1 1 0 0 0 0 1 1 1 0 0 0 1 1 1 1 1 1 0 
0.384769
27.2825
51.7609
building time: 0.0001
solving time: 0.000392

0 0 0 1 0 1 0 0 0 0 1 1 0 0 0 0 1 0 1 0 0 0 0 0 0 1 1 0 0 0 1 1 0 0 0 0 
0.381166
36.6948
71.4918
building time: 8.6e-05
solving time: 0.000281

0 0 0 1 0 1 0 0 0 0 1 1 0 0 0 0 1 1 1 0 0 0 0 0 0 1 1 0 0 0 1 1 1 0 0 0 
0.376129
29.0879
56.8677
building time: 9e-05
solving time: 0.000327

0 0 0 1 0 1 0 0 0 0 1 1 0 0 0 0 1 0 1 0 0 0 0 1 0 1 1 0 0 0 1 1 0 1 0 0 
0.374717
32.2868
63.1285
building time: 7.9e-05
solving time: 0.000281

0 0 0 1 0 1 0 0 0 0 1 1 0 0 0 0 1 0 1 0 0 0 0 0 0 1 1 0 0 1 1 1 0 0 1 0 
0.385549
36.3444
70.6998
building time: 8e-05
solving time: 0.000324

0 0 0 1 0 1 0 0 0 0 1 0 0 0 0 0 1 0 1 0 0 0 0 1 0 1 1 0 0 1 1 0 0 1 1 0 
0.385688
38.5903
74.7812
building time: 8e-05
solving time: 0.000327

0 0 0 1 0 1 0 0 0 0 1 1 0 0 0 0 1 1 1 0 0 0 0 1 0 1 1 0 0 0 1 1 1 1 0 0 
0.374556
22.7996
43.2919
building time: 0.000127
solving time: 0.000415

0 0 0 1 0 1 0 0 0 0 1 1 0 0 0 0 1 1 1 0 0 0 0 0 0 1 1 0 0 1 1 1 1 0 1 0 
0.379499
32.5089
63.874
building time: 0.000122
solving time: 0.00043

0 0 0 1 0 1 0 0 0 0 1 1 0 0 0 0 1 0 1 0 0 0 0 1 0 1 1 0 0 1 1 1 0 1 1 0 
0.381342
29.6529
57.0487
building time: 0.000121
solving time: 0.000467

0 0 0 1 0 1 0 0 0 0 1 1 0 0 0 0 1 1 1 0 0 0 0 1 0 1 1 0 0 1 1 1 1 1 1 0 
0.38028
24.1661
45.616
building time: 9.9e-05
solving time: 0.000355

0 0 0 1 1 1 0 0 0 0 0 1 0 0 0 0 0 1 1 0 0 0 1 1 1 0 0 1 0 0 1 1 1 1 0 0 
0.387609
33.123
63.3072
building time: 8.4e-05
solving time: 0.000342

0 0 0 1 1 1 0 0 0 0 0 1 0 0 0 0 0 1 1 0 0 0 1 1 1 0 0 1 0 1 1 1 1 1 1 0 
0.388403
33.3897
63.8647
building time: 7.8e-05
solving time: 0.0003

0 0 0 1 1 0 0 0 0 0 1 1 0 0 0 0 1 1 1 0 0 0 0 1 1 1 1 0 0 0 0 1 1 1 0 0 
0.370494
17.2364
31.6745
building time: 9.7e-05
solving time: 0.000324

0 0 0 1 1 1 0 0 0 0 1 1 0 0 0 0 1 1 1 0 0 0 0 1 1 1 1 0 0 0 1 1 1 1 0 0 
0.373599
18.1496
33.4163
building time: 8.6e-05
solving time: 0.000298

0 0 0 1 1 1 0 0 0 0 1 1 0 0 0 0 1 1 1 0 0 0 0 0 1 1 1 0 0 1 1 1 1 0 1 0 
0.37999
27.3485
52.6657
building time: 7.9e-05
solving time: 0.000335

0 0 0 1 1 1 0 0 0 0 1 1 0 0 0 0 1 0 1 0 0 0 0 1 1 1 1 0 0 1 1 1 0 1 1 0 
0.380325
26.1129
49.7822
building time: 0.00012
solving time: 0.000488

0 0 0 1 1 0 0 0 0 0 1 1 0 0 0 0 1 1 1 0 0 0 0 1 1 1 1 0 0 1 0 1 1 1 1 0 
0.376028
19.966
36.9944
building time: 0.0001
solving time: 0.000341

0 0 0 1 1 1 0 0 0 0 1 1 0 0 0 0 1 1 1 0 0 0 0 1 1 1 1 0 0 1 1 1 1 1 1 0 
0.379009
20.6893
38.3182
building time: 8.5e-05
solving time: 0.000309

0 0 0 1 1 1 0 0 0 0 1 1 0 0 0 0 0 1 1 0 0 0 1 1 1 1 0 1 0 0 1 1 1 1 0 0 
0.375384
23.327
44.4696
building time: 8.3e-05
solving time: 0.000316

0 0 0 1 1 1 0 0 0 0 1 0 0 0 0 0 0 1 1 0 0 0 1 1 1 1 0 1 0 1 1 0 1 1 1 0 
0.384831
32.417
62.7537
building time: 8.2e-05
solving time: 0.000308

0 0 0 1 1 1 0 0 0 0 1 1 0 0 0 0 0 1 1 0 0 0 1 1 1 1 0 1 0 1 1 1 1 1 1 0 
0.379821
26.0286
49.8243
building time: 0.000121
solving time: 0.000482

0 0 0 1 1 1 0 0 0 0 1 1 0 0 0 0 1 1 1 0 0 0 1 1 1 1 1 1 0 0 1 1 1 1 0 0 
0.373521
17.3525
31.7689
building time: 8.6e-05
solving time: 0.000283

0 0 0 1 1 1 0 0 0 0 1 1 0 0 0 0 1 1 1 0 0 0 1 1 1 1 1 1 0 1 1 1 1 1 1 0 
0.378887
19.8754
36.6532
building time: 8.2e-05
solving time: 0.000295

0 0 0 1 1 1 0 0 0 1 1 1 0 0 0 0 0 1 1 1 0 0 0 0 1 1 0 0 0 0 1 1 1 0 0 0 
0.37682
23.8686
45.6007
building time: 8.3e-05
solving time: 0.000288

0 0 0 1 1 1 0 0 0 1 1 1 0 0 0 0 0 1 1 1 0 0 0 1 1 1 0 0 0 0 1 1 1 1 0 0 
0.375135
23.729
45.6668
building time: 0.000118
solving time: 0.000387

0 0 0 1 1 1 0 0 0 1 1 1 0 0 0 0 0 1 1 1 0 0 0 1 1 1 0 0 0 1 1 1 1 1 1 0 
0.375726
24.1738
46.6954
building time: 8.2e-05
solving time: 0.000292

0 0 0 1 1 0 0 0 0 1 0 1 0 0 0 0 1 1 1 1 0 0 0 0 1 0 1 0 0 0 0 1 1 0 0 0 
0.365413
17.406
32.3233
building time: 0.000118
solving time: 0.0002

0 0 0 1 1 1 0 0 0 1 0 1 0 0 0 0 1 1 1 1 0 0 0 0 1 0 1 0 0 0 1 1 1 0 0 0 
0.368354
17.8163
33.2095
building time: 0.00012
solving time: 0.000359

0 0 0 1 1 1 0 0 0 1 0 0 0 0 0 0 1 1 1 1 0 0 0 1 1 0 1 0 0 0 1 0 1 1 0 0 
0.374407
24.5173
47.3207
building time: 0.000102
solving time: 0.000347

0 0 0 1 1 0 0 0 0 1 0 1 0 0 0 0 1 1 1 1 0 0 0 1 1 0 1 0 0 0 0 1 1 1 0 0 
0.367291
17.8015
33.0915
building time: 0.000106
solving time: 0.000355

0 0 0 1 1 1 0 0 0 1 0 0 0 0 0 0 1 0 1 1 0 0 0 1 1 0 1 0 0 1 1 0 0 1 1 0 
0.381716
31.6529
61.5378
building time: 8.9e-05
solving time: 0.000344

0 0 0 1 1 0 0 0 0 1 0 1 0 0 0 0 1 0 1 1 0 0 0 1 1 0 1 0 0 1 0 1 0 1 1 0 
0.37514
23.8369
45.3467
building time: 8.1e-05
solving time: 0.00031

0 0 0 1 1 1 0 0 0 1 0 1 0 0 0 0 1 1 1 1 0 0 0 1 1 0 1 0 0 0 1 1 1 1 0 0 
0.369459
18.5386
34.6729
building time: 7.5e-05
solving time: 0.000261

0 0 0 1 1 1 0 0 0 1 0 1 0 0 0 0 1 0 1 1 0 0 0 1 1 0 1 0 0 1 1 1 0 1 1 0 
0.373676
25.3154
49.032
building time: 0.000111
solving time: 0.000413

0 0 0 1 1 0 0 0 0 1 0 1 0 0 0 0 1 1 1 1 0 0 0 1 1 0 1 0 0 1 0 1 1 1 1 0 
0.371331
18.2254
33.7288
building time: 9.4e-05
solving time: 0.000321

0 0 0 1 1 1 0 0 0 1 0 1 0 0 0 0 1 1 1 1 0 0 0 1 1 0 1 0 0 1 1 1 1 1 1 0 
0.373084
19.0926
35.571
building time: 8.9e-05
solving time: 0.000296

0 0 0 1 1 1 0 0 0 1 1 1 0 0 0 0 1 1 1 1 0 0 0 0 1 1 1 0 0 0 1 1 1 0 0 0 
0.367914
16.0414
29.5087
building time: 8.5e-05
solving time: 0.000262

0 0 0 1 1 1 0 0 0 1 1 1 0 0 0 0 1 0 1 1 0 0 0 1 1 1 1 0 0 0 1 1 0 1 0 0 
0.368984
22.1757
42.6363
building time: 8.7e-05
solving time: 0.000301

0 0 0 1 1 1 0 0 0 1 1 1 0 0 0 0 1 1 1 1 0 0 0 1 1 1 1 0 0 0 1 1 1 1 0 0 
0.367274
15.4719
28.3098
building time: 0.000122
solving time: 0.000383

0 0 0 1 1 1 0 0 0 1 1 1 0 0 0 0 1 1 1 1 0 0 0 0 1 1 1 0 0 1 1 1 1 0 1 0 
0.369182
17.3369
32.1981
building time: 9e-05
solving time: 0.000308

0 0 0 1 1 1 0 0 0 1 1 1 0 0 0 0 1 1 1 1 0 0 0 1 1 1 1 0 0 1 1 1 1 1 1 0 
0.370978
16.9431
31.2129
building time: 8.5e-05
solving time: 0.00029

0 0 0 1 1 1 0 0 0 1 1 1 0 0 0 0 0 1 1 1 0 0 1 1 1 1 0 1 0 0 1 1 1 1 0 0 
0.370885
22.9089
44.2386
building time: 0.000158
solving time: 0.000542

0 0 0 1 1 1 0 0 0 1 1 0 0 0 0 0 0 1 1 1 0 0 1 1 1 1 0 1 0 1 1 0 1 1 1 0 
0.375055
25.2738
48.9102
building time: 0.0001
solving time: 0.000401

0 0 0 1 1 1 0 0 0 1 1 1 0 0 0 0 0 1 1 1 0 0 1 1 1 1 0 1 0 1 1 1 1 1 1 0 
0.372532
24.2111
47.0116
building time: 0.000101
solving time: 0.000366

0 0 0 1 1 1 0 0 0 1 0 1 0 0 0 0 1 1 1 1 0 0 1 1 1 0 1 1 0 0 1 1 1 1 0 0 
0.370573
17.2754
31.8826
building time: 8.5e-05
solving time: 0.000295

0 0 0 1 1 0 0 0 0 1 0 1 0 0 0 0 1 1 1 1 0 0 1 1 1 0 1 1 0 1 0 1 1 1 1 0 
0.374852
19.2876
35.7361
building time: 0.000144
solving time: 0.00036

0 0 0 1 1 1 0 0 0 1 0 1 0 0 0 0 1 1 1 1 0 0 1 1 1 0 1 1 0 1 1 1 1 1 1 0 
0.374024
18.7091
34.6807
building time: 9.5e-05
solving time: 0.000356

0 0 0 1 1 1 0 0 0 1 1 1 0 0 0 0 1 1 1 1 0 0 1 1 1 1 1 1 0 1 1 1 1 1 1 0 
0.372607
17.401
32.0733
building time: 8.7e-05
solving time: 0.000292

0 0 0 1 1 1 0 0 0 1 1 1 0 0 0 1 1 1 1 1 1 0 0 0 1 1 1 0 0 0 1 1 1 0 0 0 
0.365414
13.8294
24.9836
building time: 8e-05
solving time: 0.000147

0 0 0 1 1 1 0 0 0 1 1 1 0 0 0 1 1 1 1 1 1 0 0 1 1 1 1 0 0 0 1 1 1 1 0 0 
0.365693
14.1138
25.5597
building time: 0.000119
solving time: 0.000337

0 0 0 1 1 1 0 0 0 1 1 1 0 0 0 1 1 0 1 1 1 0 0 1 1 1 1 0 0 1 1 1 0 1 1 0 
0.368798
15.776
28.8644
building time: 9.5e-05
solving time: 0.000302

0 0 0 1 1 1 0 0 0 1 1 1 0 0 0 1 1 1 1 1 1 0 0 1 1 1 1 0 0 1 1 1 1 1 1 0 
0.368173
14.7555
26.775
building time: 8.4e-05
solving time: 0.000233

0 0 0 1 1 1 0 0 0 1 1 1 0 0 0 1 1 1 1 1 1 0 1 1 1 1 1 1 0 1 1 1 1 1 1 0 
0.370718
15.6163
28.4451
building time: 8.5e-05
solving time: 0.000214

0 0 1 0 1 1 0 0 0 1 0 1 1 0 0 0 1 1 0 1 0 0 0 0 1 0 1 0 0 0 1 1 1 0 0 0 
0.372357
29.4471
57.9549
building time: 8.2e-05
solving time: 0.000294

0 0 1 0 1 1 0 0 0 1 0 1 1 0 0 0 1 0 0 1 0 0 0 1 1 0 1 0 0 0 1 1 0 1 0 0 
0.373825
29.4996
57.8147
building time: 7.7e-05
solving time: 0.00023

0 0 1 0 1 1 0 0 0 1 0 1 1 0 0 0 1 1 0 1 0 0 0 1 1 0 1 0 0 0 1 1 1 1 0 0 
0.373618
23.5979
45.3924
building time: 7.7e-05
solving time: 0.000256

0 0 1 0 1 1 0 0 0 1 0 1 1 0 0 0 1 1 0 1 0 0 0 0 1 0 1 0 0 1 1 1 1 0 1 0 
0.369501
29.9343
59.572
building time: 0.00012
solving time: 0.000404

0 0 1 0 1 1 0 0 0 1 0 1 1 0 0 0 1 1 0 1 0 0 0 1 1 0 1 0 0 1 1 1 1 1 1 0 
0.373461
22.1769
42.3676
building time: 0.000112
solving time: 0.000395

0 0 1 0 1 1 0 0 0 1 1 1 1 0 0 0 1 0 0 1 0 0 0 1 1 1 1 0 0 0 1 1 0 1 0 0 
0.369231
18.4197
34.507
building time: 0.000111
solving time: 0.00029

0 0 1 0 1 1 0 0 0 1 1 1 1 0 0 0 1 1 0 1 0 0 0 1 1 1 1 0 0 0 1 1 1 1 0 0 
0.368155
16.5422
30.5863
building time: 8.5e-05
solving time: 0.000291

0 0 1 0 1 1 0 0 0 1 1 1 1 0 0 0 1 1 0 1 0 0 0 0 1 1 1 0 0 1 1 1 1 0 1 0 
0.368116
24.1465
47.141
building time: 8.6e-05
solving time: 0.000295

0 0 1 0 1 1 0 0 0 1 1 1 1 0 0 0 1 0 0 1 0 0 0 1 1 1 1 0 0 1 1 1 0 1 1 0 
0.370869
19.0715
35.8749
building time: 8.2e-05
solving time: 0.000261

0 0 1 0 1 1 0 0 0 1 1 0 1 0 0 0 1 1 0 1 0 0 0 1 1 1 1 0 0 1 1 0 1 1 1 0 
0.366159
17.3615
32.4047
building time: 8.4e-05
solving time: 0.000265

0 0 1 0 1 1 0 0 0 1 1 1 1 0 0 0 1 1 0 1 0 0 0 1 1 1 1 0 0 1 1 1 1 1 1 0 
0.370058
17.7173
33.002
building time: 0.00012
solving time: 0.000409

0 0 1 0 1 1 0 0 0 1 1 1 1 0 0 0 1 1 0 1 0 0 1 1 1 1 1 1 0 0 1 1 1 1 0 0 
0.367708
15.06
27.4984
building time: 9.5e-05
solving time: 0.000258

0 0 1 0 1 1 0 0 0 1 1 1 1 0 0 0 1 1 0 1 0 0 1 1 1 1 1 1 0 1 1 1 1 1 1 0 
0.370032
16.3608
30.1308
building time: 8.5e-05
solving time: 0.000253

0 0 1 1 0 1 0 0 0 1 1 1 1 0 0 0 1 1 1 1 0 0 0 0 0 1 1 0 0 0 1 1 1 0 0 0 
0.367198
15.8926
29.1557
building time: 8.7e-05
solving time: 0.000259

0 0 1 1 0 1 0 0 0 1 1 1 1 0 0 0 1 0 1 1 0 0 0 1 0 1 1 0 0 0 1 1 0 1 0 0 
0.364106
16.0269
29.6183
building time: 0.000102
solving time: 0.000314

0 0 1 1 0 1 0 0 0 1 1 1 1 0 0 0 1 1 1 1 0 0 0 1 0 1 1 0 0 0 1 1 1 1 0 0 
0.365029
15.3551
28.1893
building time: 7.7e-05
solving time: 0.000251

0 0 1 1 0 1 0 0 0 1 1 1 1 0 0 0 1 1 1 1 0 0 0 1 0 1 1 0 0 1 1 1 1 1 1 0 
0.366609
15.1198
27.615
building time: 7.9e-05
solving time: 0.000202

0 0 1 1 1 0 0 0 0 1 1 1 1 0 0 0 1 1 1 1 0 0 0 1 1 1 1 0 0 0 0 1 1 1 0 0 
0.365414
14.3528
26.0898
building time: 8.8e-05
solving time: 0.000215

0 0 1 1 1 1 0 0 0 1 1 1 1 0 0 0 1 1 1 1 0 0 0 1 1 1 1 0 0 0 1 1 1 1 0 0 
0.365892
14.4758
26.3376
building time: 0.000101
solving time: 0.000312

0 0 1 1 1 1 0 0 0 1 1 1 1 0 0 0 1 0 1 1 0 0 0 1 1 1 1 0 0 1 1 1 0 1 1 0 
0.368288
16.325
30.153
building time: 9e-05
solving time: 0.000295

0 0 1 1 1 1 0 0 0 1 1 1 1 0 0 0 1 1 1 1 0 0 0 1 1 1 1 0 0 1 1 1 1 1 1 0 
0.367026
14.8828
27.1479
building time: 9.2e-05
solving time: 0.000287

0 0 1 1 1 1 0 0 0 1 1 1 1 0 0 0 1 1 1 1 0 0 1 1 1 1 1 1 0 1 1 1 1 1 1 0 
0.367758
14.879
27.1336
building time: 8.6e-05
solving time: 0.000263

0 0 1 1 1 1 0 0 0 0 1 1 1 0 0 1 1 1 1 0 1 0 0 1 1 1 1 0 0 0 1 1 1 1 0 0 
0.365525
15.5557
28.6225
building time: 0.000103
solving time: 0.000352

0 0 1 1 1 1 0 0 0 0 1 1 1 0 0 1 1 1 1 0 1 0 0 0 1 1 1 0 0 1 1 1 1 0 1 0 
0.370278
18.3108
34.3182
building time: 0.000111
solving time: 0.000364

0 0 1 1 1 1 0 0 0 0 1 1 1 0 0 1 1 1 1 0 1 0 0 1 1 1 1 0 0 1 1 1 1 1 1 0 
0.368796
16.6173
30.7644
building time: 0.000103
solving time: 0.000351

0 0 1 1 1 1 0 0 0 0 0 1 1 0 0 1 1 1 1 0 1 0 1 1 1 0 1 1 0 0 1 1 1 1 0 0 
0.367324
23.2277
45.3542
building time: 0.000112
solving time: 0.000396

0 0 1 1 1 1 0 0 0 0 0 1 1 0 0 1 1 1 1 0 1 0 1 1 1 0 1 1 0 1 1 1 1 1 1 0 
0.366781
23.4952
46.1161
building time: 9.8e-05
solving time: 0.000307

0 0 1 1 1 1 0 0 0 0 1 1 1 0 0 1 1 1 1 0 1 0 1 1 1 1 1 1 0 1 1 1 1 1 1 0 
0.368249
16.3095
30.1694
building time: 8.2e-05
solving time: 0.00025

0 0 1 1 1 1 0 0 0 1 1 1 1 0 0 1 1 1 1 1 1 0 1 1 1 1 1 1 0 1 1 1 1 1 1 0 
0.366925
14.2531
25.8774
building time: 8.2e-05
solving time: 0.000263

0 0 1 1 1 1 0 0 1 1 1 1 1 1 0 0 1 1 1 1 0 0 0 1 1 1 1 0 0 0 1 1 1 1 0 0 
0.366245
14.2046
25.781
building time: 8.1e-05
solving time: 0.000243

0 0 1 1 1 1 0 0 1 1 1 1 1 1 0 0 1 1 1 1 0 0 0 0 1 1 1 0 0 1 1 1 1 0 1 0 
0.364959
15.0776
27.6706
building time: 8.3e-05
solving time: 0.000245

0 0 1 1 1 1 0 0 1 1 1 0 1 1 0 0 1 1 1 1 0 0 0 1 1 1 1 0 0 1 1 0 1 1 1 0 
0.364602
13.8377
25.0725
building time: 0.000111
solving time: 0.000325

0 0 1 1 1 1 0 0 1 1 1 1 1 1 0 0 1 1 1 1 0 0 0 1 1 1 1 0 0 1 1 1 1 1 1 0 
0.3657
13.9158
25.2048
building time: 9.5e-05
solving time: 0.00029

0 0 1 1 1 1 0 0 1 1 1 1 1 1 0 0 1 1 1 1 0 0 1 1 1 1 1 1 0 0 1 1 1 1 0 0 
0.365413
13.3772
24.1041
building time: 8.7e-05
solving time: 0.000192

0 0 1 1 1 1 0 0 1 1 1 1 1 1 0 0 1 1 1 1 0 0 1 1 1 1 1 1 0 1 1 1 1 1 1 0 
0.365598
13.4694
24.2909
building time: 7.7e-05
solving time: 0.00022

0 0 1 1 1 1 0 0 1 1 1 1 1 1 0 1 1 1 1 1 1 0 1 1 1 1 1 1 0 1 1 1 1 1 1 0 
0.365826
13.3616
24.0708
building time: 0.000111
solving time: 0.000305

0 1 1 1 1 1 1 0 1 1 1 1 1 1 0 1 1 1 1 1 1 0 1 1 1 1 1 1 0 1 1 1 1 1 1 0 
0.365413
12.9342
23.2061
building time: 9.3e-05
solving time: 0.000192

