0 0 0 0 0 1 0 0 0 0 0 1 0 0 0 0 0 1 0 0 0 0 0 1 0 0 0 0 0 1 1 1 1 1 1 0 
0.316434
54.4181
105.694
building time: 0.000153
solving time: 0.000322

0 0 0 0 1 1 0 0 0 0 0 1 0 0 0 0 0 1 0 0 0 0 0 1 1 0 0 0 0 0 1 1 1 1 0 0 
0.301457
48.8626
101.215
building time: 0.000107
solving time: 0.000451

0 0 0 0 1 1 0 0 0 0 0 1 0 0 0 0 0 1 0 0 0 0 0 1 1 0 0 0 0 1 1 1 1 1 1 0 
0.300057
42.4082
86.1184
building time: 0.000119
solving time: 0.000412

0 0 0 0 1 1 0 0 0 0 1 0 0 0 0 0 0 1 0 0 0 0 0 1 1 1 0 0 0 0 1 0 1 1 0 0 
0.28916
40.6377
87.6526
building time: 9.8e-05
solving time: 0.000401

0 0 0 0 1 0 0 0 0 0 1 0 0 0 0 0 0 1 0 0 0 0 0 1 1 1 0 0 0 1 0 0 1 1 1 0 
0.297085
49.2082
105.417
building time: 8.8e-05
solving time: 0.000298

0 0 0 0 1 1 0 0 0 0 1 1 0 0 0 0 0 1 0 0 0 0 0 1 1 1 0 0 0 0 1 1 1 1 0 0 
0.287282
30.6463
63.9721
building time: 8.6e-05
solving time: 0.000335

0 0 0 0 1 1 0 0 0 0 1 0 0 0 0 0 0 1 0 0 0 0 0 1 1 1 0 0 0 1 1 0 1 1 1 0 
0.294149
38.9872
81.7383
building time: 8.5e-05
solving time: 0.000387

0 0 0 0 1 1 0 0 0 0 1 1 0 0 0 0 0 1 0 0 0 0 0 1 1 1 0 0 0 1 1 1 1 1 1 0 
0.290807
33.9029
70.3146
building time: 8.6e-05
solving time: 0.000354

0 0 0 0 1 1 0 0 0 0 1 1 0 0 0 0 1 0 0 0 0 0 0 1 1 1 1 0 0 0 1 1 0 1 0 0 
0.284435
28.3542
59.5498
building time: 8.8e-05
solving time: 0.000322

0 0 0 0 1 1 0 0 0 0 1 1 0 0 0 0 1 1 0 0 0 0 0 1 1 1 1 0 0 0 1 1 1 1 0 0 
0.281972
23.4964
48.4713
building time: 9e-05
solving time: 0.000317

0 0 0 0 1 1 0 0 0 0 1 1 0 0 0 0 1 0 0 0 0 0 0 1 1 1 1 0 0 1 1 1 0 1 1 0 
0.289385
32.3819
67.6234
building time: 0.000105
solving time: 0.000418

0 0 0 0 1 1 0 0 0 0 1 1 0 0 0 0 1 1 0 0 0 0 0 1 1 1 1 0 0 1 1 1 1 1 1 0 
0.286335
27.5813
56.9288
building time: 0.000156
solving time: 0.000395

0 0 0 0 1 1 0 0 0 0 1 1 0 0 0 0 1 1 0 0 0 0 1 1 1 1 1 1 0 0 1 1 1 1 0 0 
0.281126
19.0255
38.0357
building time: 9.4e-05
solving time: 0.000247

0 0 0 0 1 1 0 0 0 0 1 1 0 0 0 0 1 1 0 0 0 0 1 1 1 1 1 1 0 1 1 1 1 1 1 0 
0.285726
22.648
45.532
building time: 8.7e-05
solving time: 0.000263

0 0 0 1 0 1 0 0 0 0 1 1 0 0 0 0 0 1 1 0 0 0 0 0 0 1 0 0 0 0 1 1 1 0 0 0 
0.289506
41.9922
90.3635
building time: 8.5e-05
solving time: 0.000338

0 0 0 1 0 1 0 0 0 0 1 1 0 0 0 0 0 1 1 0 0 0 0 1 0 1 0 0 0 0 1 1 1 1 0 0 
0.287478
38.4212
82.9078
building time: 8.6e-05
solving time: 0.00038

0 0 0 1 0 1 0 0 0 0 1 1 0 0 0 0 0 1 1 0 0 0 0 1 0 1 0 0 0 1 1 1 1 1 1 0 
0.286618
31.1917
65.5498
building time: 8.4e-05
solving time: 0.000315

0 0 0 1 1 1 0 0 0 0 1 1 0 0 0 0 0 1 1 0 0 0 0 0 1 1 0 0 0 0 1 1 1 0 0 0 
0.283753
28.955
61.2364
building time: 0.000119
solving time: 0.000425

0 0 0 1 1 0 0 0 0 0 1 1 0 0 0 0 0 1 1 0 0 0 0 1 1 1 0 0 0 0 0 1 1 1 0 0 
0.277232
22.1434
46.4178
building time: 8.7e-05
solving time: 0.000312

0 0 0 1 1 1 0 0 0 0 1 0 0 0 0 0 0 1 1 0 0 0 0 0 1 1 0 0 0 1 1 0 1 0 1 0 
0.290386
37.0183
78.5295
building time: 7.8e-05
solving time: 0.000258

0 0 0 1 1 1 0 0 0 0 1 1 0 0 0 0 0 1 1 0 0 0 0 1 1 1 0 0 0 0 1 1 1 1 0 0 
0.280198
24.0852
50.4747
building time: 0.000123
solving time: 0.000491

0 0 0 1 1 1 0 0 0 0 1 1 0 0 0 0 0 1 1 0 0 0 0 0 1 1 0 0 0 1 1 1 1 0 1 0 
0.285244
31.773
67.8232
building time: 0.000121
solving time: 0.000557

0 0 0 1 1 1 0 0 0 0 1 1 0 0 0 0 0 1 1 0 0 0 0 1 1 1 0 0 0 1 1 1 1 1 1 0 
0.28215
25.9374
54.4019
building time: 0.000103
solving time: 0.000383

0 0 0 1 0 1 0 0 0 0 1 1 0 0 0 0 1 0 1 0 0 0 0 0 0 1 1 0 0 0 1 1 0 0 0 0 
0.2809
35.4077
77.7007
building time: 0.000118
solving time: 0.000289

0 0 0 1 0 1 0 0 0 0 1 1 0 0 0 0 1 1 1 0 0 0 0 0 0 1 1 0 0 0 1 1 1 0 0 0 
0.27753
27.7219
60.6673
building time: 9e-05
solving time: 0.000322

0 0 0 1 0 1 0 0 0 0 1 1 0 0 0 0 1 0 1 0 0 0 0 1 0 1 1 0 0 0 1 1 0 1 0 0 
0.276452
30.7799
67.6456
building time: 8.4e-05
solving time: 0.0003

0 0 0 1 0 1 0 0 0 0 1 1 0 0 0 0 1 0 1 0 0 0 0 0 0 1 1 0 0 1 1 1 0 0 1 0 
0.283792
35.2007
76.8737
building time: 7.8e-05
solving time: 0.000334

0 0 0 1 0 1 0 0 0 0 1 0 0 0 0 0 1 0 1 0 0 0 0 1 0 1 1 0 0 1 1 0 0 1 1 0 
0.282817
37.1372
81.0603
building time: 7.8e-05
solving time: 0.0003

0 0 0 1 0 1 0 0 0 0 1 1 0 0 0 0 1 1 1 0 0 0 0 1 0 1 1 0 0 0 1 1 1 1 0 0 
0.276632
21.8437
46.2935
building time: 8.2e-05
solving time: 0.000275

0 0 0 1 0 1 0 0 0 0 1 1 0 0 0 0 1 1 1 0 0 0 0 0 0 1 1 0 0 1 1 1 1 0 1 0 
0.279235
30.8606
67.8365
building time: 7.5e-05
solving time: 0.000272

0 0 0 1 0 1 0 0 0 0 1 1 0 0 0 0 1 0 1 0 0 0 0 1 0 1 1 0 0 1 1 1 0 1 1 0 
0.280667
28.5008
61.2861
building time: 9.7e-05
solving time: 0.00039

0 0 0 1 0 1 0 0 0 0 1 1 0 0 0 0 1 1 1 0 0 0 0 1 0 1 1 0 0 1 1 1 1 1 1 0 
0.280029
23.2267
48.8602
building time: 0.000118
solving time: 0.00035

0 0 0 1 1 1 0 0 0 0 0 1 0 0 0 0 0 1 1 0 0 0 1 1 1 0 0 1 0 0 1 1 1 1 0 0 
0.283633
31.6481
67.3695
building time: 8.5e-05
solving time: 0.000332

0 0 0 1 1 1 0 0 0 0 0 1 0 0 0 0 0 1 1 0 0 0 1 1 1 0 0 1 0 1 1 1 1 1 1 0 
0.283559
31.5453
66.8636
building time: 7.9e-05
solving time: 0.000303

0 0 0 1 1 0 0 0 0 0 1 1 0 0 0 0 1 1 1 0 0 0 0 1 1 1 1 0 0 0 0 1 1 1 0 0 
0.274012
16.5044
33.4692
building time: 0.0001
solving time: 0.000327

0 0 0 1 1 1 0 0 0 0 1 1 0 0 0 0 1 1 1 0 0 0 0 1 1 1 1 0 0 0 1 1 1 1 0 0 
0.275877
17.4029
35.3675
building time: 8.5e-05
solving time: 0.000302

0 0 0 1 1 1 0 0 0 0 1 1 0 0 0 0 1 1 1 0 0 0 0 0 1 1 1 0 0 1 1 1 1 0 1 0 
0.279682
26.1006
55.7987
building time: 7.8e-05
solving time: 0.00028

0 0 0 1 1 1 0 0 0 0 1 1 0 0 0 0 1 0 1 0 0 0 0 1 1 1 1 0 0 1 1 1 0 1 1 0 
0.279663
24.8727
52.4927
building time: 0.000104
solving time: 0.000442

0 0 0 1 1 0 0 0 0 0 1 1 0 0 0 0 1 1 1 0 0 0 0 1 1 1 1 0 0 1 0 1 1 1 1 0 
0.277333
19.1484
39.2306
building time: 0.000111
solving time: 0.000377

0 0 0 1 1 1 0 0 0 0 1 1 0 0 0 0 1 1 1 0 0 0 0 1 1 1 1 0 0 1 1 1 1 1 1 0 
0.27917
19.8788
40.7001
building time: 8.7e-05
solving time: 0.00033

0 0 0 1 1 1 0 0 0 0 1 1 0 0 0 0 0 1 1 0 0 0 1 1 1 1 0 1 0 0 1 1 1 1 0 0 
0.276408
22.0453
46.3561
building time: 8.2e-05
solving time: 0.000321

0 0 0 1 1 1 0 0 0 0 1 0 0 0 0 0 0 1 1 0 0 0 1 1 1 1 0 1 0 1 1 0 1 1 1 0 
0.283257
31.168
67.0578
building time: 7.7e-05
solving time: 0.000312

0 0 0 1 1 1 0 0 0 0 1 1 0 0 0 0 0 1 1 0 0 0 1 1 1 1 0 1 0 1 1 1 1 1 1 0 
0.278857
24.539
51.7741
building time: 0.000126
solving time: 0.000493

0 0 0 1 1 1 0 0 0 0 1 1 0 0 0 0 1 1 1 0 0 0 1 1 1 1 1 1 0 0 1 1 1 1 0 0 
0.27571
16.627
33.502
building time: 8.6e-05
solving time: 0.000296

0 0 0 1 1 1 0 0 0 0 1 1 0 0 0 0 1 1 1 0 0 0 1 1 1 1 1 1 0 1 1 1 1 1 1 0 
0.278952
19.0639
38.7592
building time: 8.2e-05
solving time: 0.000292

0 0 0 1 1 1 0 0 0 1 1 1 0 0 0 0 0 1 1 1 0 0 0 0 1 1 0 0 0 0 1 1 1 0 0 0 
0.277778
22.7439
48.16
building time: 0.0001
solving time: 0.000413

0 0 0 1 1 1 0 0 0 1 1 1 0 0 0 0 0 1 1 1 0 0 0 1 1 1 0 0 0 0 1 1 1 1 0 0 
0.276683
22.48
47.7785
building time: 8.7e-05
solving time: 0.000353

0 0 0 1 1 1 0 0 0 1 1 1 0 0 0 0 0 1 1 1 0 0 0 1 1 1 0 0 0 1 1 1 1 1 1 0 
0.276492
22.6746
48.1829
building time: 8.1e-05
solving time: 0.00028

0 0 0 1 1 0 0 0 0 1 0 1 0 0 0 0 1 1 1 1 0 0 0 0 1 0 1 0 0 0 0 1 1 0 0 0 
0.271056
16.5925
34.1101
building time: 0.000101
solving time: 0.00024

0 0 0 1 1 1 0 0 0 1 0 1 0 0 0 0 1 1 1 1 0 0 0 0 1 0 1 0 0 0 1 1 1 0 0 0 
0.272898
17.0267
35.1352
building time: 0.00012
solving time: 0.000376

0 0 0 1 1 1 0 0 0 1 0 0 0 0 0 0 1 1 1 1 0 0 0 1 1 0 1 0 0 0 1 0 1 1 0 0 
0.276594
23.3813
50.1335
building time: 9.2e-05
solving time: 0.000339

0 0 0 1 1 0 0 0 0 1 0 1 0 0 0 0 1 1 1 1 0 0 0 1 1 0 1 0 0 0 0 1 1 1 0 0 
0.272143
16.9862
34.9458
building time: 0.000133
solving time: 0.000347

0 0 0 1 1 1 0 0 0 1 0 0 0 0 0 0 1 0 1 1 0 0 0 1 1 0 1 0 0 1 1 0 0 1 1 0 
0.281628
30.5849
66.3846
building time: 9e-05
solving time: 0.00032

0 0 0 1 1 0 0 0 0 1 0 1 0 0 0 0 1 0 1 1 0 0 0 1 1 0 1 0 0 1 0 1 0 1 1 0 
0.276541
22.6778
47.8361
building time: 8.3e-05
solving time: 0.000318

0 0 0 1 1 1 0 0 0 1 0 1 0 0 0 0 1 1 1 1 0 0 0 1 1 0 1 0 0 0 1 1 1 1 0 0 
0.273536
17.7177
36.6934
building time: 7.4e-05
solving time: 0.000266

0 0 0 1 1 1 0 0 0 1 0 1 0 0 0 0 1 0 1 1 0 0 0 1 1 0 1 0 0 1 1 1 0 1 1 0 
0.275798
24.0417
51.6741
building time: 0.000113
solving time: 0.00042

0 0 0 1 1 0 0 0 0 1 0 1 0 0 0 0 1 1 1 1 0 0 0 1 1 0 1 0 0 1 0 1 1 1 1 0 
0.274573
17.4467
35.6717
building time: 9.4e-05
solving time: 0.000325

0 0 0 1 1 1 0 0 0 1 0 1 0 0 0 0 1 1 1 1 0 0 0 1 1 0 1 0 0 1 1 1 1 1 1 0 
0.275695
18.2886
37.6931
building time: 8.8e-05
solving time: 0.000311

0 0 0 1 1 1 0 0 0 1 1 1 0 0 0 0 1 1 1 1 0 0 0 0 1 1 1 0 0 0 1 1 1 0 0 0 
0.2726
15.3539
31.1263
building time: 8.7e-05
solving time: 0.000256

0 0 0 1 1 1 0 0 0 1 1 1 0 0 0 0 1 0 1 1 0 0 0 1 1 1 1 0 0 0 1 1 0 1 0 0 
0.272499
20.8767
44.3501
building time: 8.8e-05
solving time: 0.000297

0 0 0 1 1 1 0 0 0 1 1 1 0 0 0 0 1 1 1 1 0 0 0 1 1 1 1 0 0 0 1 1 1 1 0 0 
0.272103
14.8002
29.786
building time: 8.7e-05
solving time: 0.000323

0 0 0 1 1 1 0 0 0 1 1 1 0 0 0 0 1 1 1 1 0 0 0 0 1 1 1 0 0 1 1 1 1 0 1 0 
0.273416
16.5871
33.9956
building time: 8.9e-05
solving time: 0.000304

0 0 0 1 1 1 0 0 0 1 1 1 0 0 0 0 1 1 1 1 0 0 0 1 1 1 1 0 0 1 1 1 1 1 1 0 
0.274352
16.2166
32.8924
building time: 8.5e-05
solving time: 0.000292

0 0 0 1 1 1 0 0 0 1 1 1 0 0 0 0 0 1 1 1 0 0 1 1 1 1 0 1 0 0 1 1 1 1 0 0 
0.273536
21.4976
45.7157
building time: 0.000107
solving time: 0.000373

0 0 0 1 1 1 0 0 0 1 1 0 0 0 0 0 0 1 1 1 0 0 1 1 1 1 0 1 0 1 1 0 1 1 1 0 
0.276492
23.9185
51.1335
building time: 0.000105
solving time: 0.000438

0 0 0 1 1 1 0 0 0 1 1 1 0 0 0 0 0 1 1 1 0 0 1 1 1 1 0 1 0 1 1 1 1 1 1 0 
0.274202
22.5746
48.1482
building time: 0.0001
solving time: 0.000364

0 0 0 1 1 1 0 0 0 1 0 1 0 0 0 0 1 1 1 1 0 0 1 1 1 0 1 1 0 0 1 1 1 1 0 0 
0.274115
16.532
33.6232
building time: 8.7e-05
solving time: 0.000311

0 0 0 1 1 0 0 0 0 1 0 1 0 0 0 0 1 1 1 1 0 0 1 1 1 0 1 1 0 1 0 1 1 1 1 0 
0.276723
18.494
37.823
building time: 0.000114
solving time: 0.000354

0 0 0 1 1 1 0 0 0 1 0 1 0 0 0 0 1 1 1 1 0 0 1 1 1 0 1 1 0 1 1 1 1 1 1 0 
0.276192
17.9159
36.6121
building time: 9.6e-05
solving time: 0.000332

0 0 0 1 1 1 0 0 0 1 1 1 0 0 0 0 1 1 1 1 0 0 1 1 1 1 1 1 0 1 1 1 1 1 1 0 
0.275247
16.6452
33.7434
building time: 8.6e-05
solving time: 0.000308

0 0 0 1 1 1 0 0 0 1 1 1 0 0 0 1 1 1 1 1 1 0 0 0 1 1 1 0 0 0 1 1 1 0 0 0 
0.271056
13.2614
26.2943
building time: 8.1e-05
solving time: 0.000171

0 0 0 1 1 1 0 0 0 1 1 1 0 0 0 1 1 1 1 1 1 0 0 1 1 1 1 0 0 0 1 1 1 1 0 0 
0.271197
13.5259
26.8838
building time: 0.000124
solving time: 0.000363

0 0 0 1 1 1 0 0 0 1 1 1 0 0 0 1 1 0 1 1 1 0 0 1 1 1 1 0 0 1 1 1 0 1 1 0 
0.27295
15.0899
30.3342
building time: 9.2e-05
solving time: 0.000309

0 0 0 1 1 1 0 0 0 1 1 1 0 0 0 1 1 1 1 1 1 0 0 1 1 1 1 0 0 1 1 1 1 1 1 0 
0.272664
14.1486
28.183
building time: 8.6e-05
solving time: 0.000247

0 0 0 1 1 1 0 0 0 1 1 1 0 0 0 1 1 1 1 1 1 0 1 1 1 1 1 1 0 1 1 1 1 1 1 0 
0.274177
14.9756
29.9551
building time: 8.7e-05
solving time: 0.000197

0 0 1 0 1 1 0 0 0 1 0 1 1 0 0 0 1 1 0 1 0 0 0 0 1 0 1 0 0 0 1 1 1 0 0 0 
0.274883
27.8776
61.3363
building time: 9.1e-05
solving time: 0.000306

0 0 1 0 1 1 0 0 0 1 0 1 1 0 0 0 1 0 0 1 0 0 0 1 1 0 1 0 0 0 1 1 0 1 0 0 
0.276378
28.2465
62.4135
building time: 0.000114
solving time: 0.000245

0 0 1 0 1 1 0 0 0 1 0 1 1 0 0 0 1 1 0 1 0 0 0 1 1 0 1 0 0 0 1 1 1 1 0 0 
0.276255
22.6187
48.6668
building time: 7.6e-05
solving time: 0.000265

0 0 1 0 1 1 0 0 0 1 0 1 1 0 0 0 1 1 0 1 0 0 0 0 1 0 1 0 0 1 1 1 1 0 1 0 
0.272598
27.9574
62.0522
building time: 6.7e-05
solving time: 0.000237

0 0 1 0 1 1 0 0 0 1 0 1 1 0 0 0 1 1 0 1 0 0 0 1 1 0 1 0 0 1 1 1 1 1 1 0 
0.275882
21.176
45.0774
building time: 0.000112
solving time: 0.00038

0 0 1 0 1 1 0 0 0 1 1 1 1 0 0 0 1 0 0 1 0 0 0 1 1 1 1 0 0 0 1 1 0 1 0 0 
0.273429
17.6044
36.5852
building time: 9.4e-05
solving time: 0.000296

0 0 1 0 1 1 0 0 0 1 1 1 1 0 0 0 1 1 0 1 0 0 0 1 1 1 1 0 0 0 1 1 1 1 0 0 
0.272683
15.8112
32.2688
building time: 8.8e-05
solving time: 0.000333

0 0 1 0 1 1 0 0 0 1 1 1 1 0 0 0 1 1 0 1 0 0 0 0 1 1 1 0 0 1 1 1 1 0 1 0 
0.271876
22.6495
48.9069
building time: 8.4e-05
solving time: 0.000289

0 0 1 0 1 1 0 0 0 1 1 1 1 0 0 0 1 0 0 1 0 0 0 1 1 1 1 0 0 1 1 1 0 1 1 0 
0.274528
18.2609
38.0891
building time: 8e-05
solving time: 0.000264

0 0 1 0 1 1 0 0 0 1 1 0 1 0 0 0 1 1 0 1 0 0 0 1 1 1 1 0 0 1 1 0 1 1 1 0 
0.271357
16.5258
34.0697
building time: 8.2e-05
solving time: 0.000287

0 0 1 0 1 1 0 0 0 1 1 1 1 0 0 0 1 1 0 1 0 0 0 1 1 1 1 0 0 1 1 1 1 1 1 0 
0.273843
16.9369
34.859
building time: 0.00012
solving time: 0.000412

0 0 1 0 1 1 0 0 0 1 1 1 1 0 0 0 1 1 0 1 0 0 1 1 1 1 1 1 0 0 1 1 1 1 0 0 
0.272421
14.4269
29.0001
building time: 0.0001
solving time: 0.000287

0 0 1 0 1 1 0 0 0 1 1 1 1 0 0 0 1 1 0 1 0 0 1 1 1 1 1 1 0 1 1 1 1 1 1 0 
0.273855
15.6765
31.8361
building time: 0.000102
solving time: 0.000352

0 0 1 1 0 1 0 0 0 1 1 1 1 0 0 0 1 1 1 1 0 0 0 0 0 1 1 0 0 0 1 1 1 0 0 0 
0.272089
15.1998
30.7069
building time: 8.6e-05
solving time: 0.00027

0 0 1 1 0 1 0 0 0 1 1 1 1 0 0 0 1 0 1 1 0 0 0 1 0 1 1 0 0 0 1 1 0 1 0 0 
0.270162
15.2684
31.1251
building time: 0.000107
solving time: 0.000319

0 0 1 1 0 1 0 0 0 1 1 1 1 0 0 0 1 1 1 1 0 0 0 1 0 1 1 0 0 0 1 1 1 1 0 0 
0.27077
14.665
29.632
building time: 9.2e-05
solving time: 0.00025

0 0 1 1 0 1 0 0 0 1 1 1 1 0 0 0 1 1 1 1 0 0 0 1 0 1 1 0 0 1 1 1 1 1 1 0 
0.271765
14.4757
29.0851
building time: 8e-05
solving time: 0.000202

0 0 1 1 1 0 0 0 0 1 1 1 1 0 0 0 1 1 1 1 0 0 0 1 1 1 1 0 0 0 0 1 1 1 0 0 
0.271056
13.7438
27.4726
building time: 0.00012
solving time: 0.000306

0 0 1 1 1 1 0 0 0 1 1 1 1 0 0 0 1 1 1 1 0 0 0 1 1 1 1 0 0 0 1 1 1 1 0 0 
0.271336
13.8629
27.7227
building time: 0.000108
solving time: 0.000321

0 0 1 1 1 1 0 0 0 1 1 1 1 0 0 0 1 0 1 1 0 0 0 1 1 1 1 0 0 1 1 1 0 1 1 0 
0.272775
15.6043
31.749
building time: 0.000125
solving time: 0.000314

0 0 1 1 1 1 0 0 0 1 1 1 1 0 0 0 1 1 1 1 0 0 0 1 1 1 1 0 0 1 1 1 1 1 1 0 
0.272017
14.2539
28.5801
building time: 8.8e-05
solving time: 0.000285

0 0 1 1 1 1 0 0 0 1 1 1 1 0 0 0 1 1 1 1 0 0 1 1 1 1 1 1 0 1 1 1 1 1 1 0 
0.272461
14.2548
28.5601
building time: 8.6e-05
solving time: 0.000268

0 0 1 1 1 1 0 0 0 0 1 1 1 0 0 1 1 1 1 0 1 0 0 1 1 1 1 0 0 0 1 1 1 1 0 0 
0.271025
14.8464
30.0465
building time: 0.000104
solving time: 0.000347

0 0 1 1 1 1 0 0 0 0 1 1 1 0 0 1 1 1 1 0 1 0 0 0 1 1 1 0 0 1 1 1 1 0 1 0 
0.274189
17.524
36.2946
building time: 0.000111
solving time: 0.000365

0 0 1 1 1 1 0 0 0 0 1 1 1 0 0 1 1 1 1 0 1 0 0 1 1 1 1 0 0 1 1 1 1 1 1 0 
0.273033
15.8685
32.3363
building time: 0.000122
solving time: 0.00041

0 0 1 1 1 1 0 0 0 0 0 1 1 0 0 1 1 1 1 0 1 0 1 1 1 0 1 1 0 0 1 1 1 1 0 0 
0.27117
21.6577
46.5225
building time: 0.000112
solving time: 0.000392

0 0 1 1 1 1 0 0 0 0 0 1 1 0 0 1 1 1 1 0 1 0 1 1 1 0 1 1 0 1 1 1 1 1 1 0 
0.270398
21.6939
46.6614
building time: 0.000119
solving time: 0.0003

0 0 1 1 1 1 0 0 0 0 1 1 1 0 0 1 1 1 1 0 1 0 1 1 1 1 1 1 0 1 1 1 1 1 1 0 
0.272579
15.5422
31.5789
building time: 8.3e-05
solving time: 0.00026

0 0 1 1 1 1 0 0 0 1 1 1 1 0 0 1 1 1 1 1 1 0 1 1 1 1 1 1 0 1 1 1 1 1 1 0 
0.27194
13.6572
27.2038
building time: 8.2e-05
solving time: 0.00026

0 0 1 1 1 1 0 0 1 1 1 1 1 1 0 0 1 1 1 1 0 0 0 1 1 1 1 0 0 0 1 1 1 1 0 0 
0.271547
13.6114
27.1286
building time: 8.2e-05
solving time: 0.000254

0 0 1 1 1 1 0 0 1 1 1 1 1 1 0 0 1 1 1 1 0 0 0 0 1 1 1 0 0 1 1 1 1 0 1 0 
0.270599
14.3755
28.9562
building time: 8.4e-05
solving time: 0.000255

0 0 1 1 1 1 0 0 1 1 1 0 1 1 0 0 1 1 1 1 0 0 0 1 1 1 1 0 0 1 1 0 1 1 1 0 
0.270545
13.252
26.3471
building time: 0.000148
solving time: 0.000351

0 0 1 1 1 1 0 0 1 1 1 1 1 1 0 0 1 1 1 1 0 0 0 1 1 1 1 0 0 1 1 1 1 1 1 0 
0.271207
13.3349
26.4974
building time: 9.6e-05
solving time: 0.000296

0 0 1 1 1 1 0 0 1 1 1 1 1 1 0 0 1 1 1 1 0 0 1 1 1 1 1 1 0 0 1 1 1 1 0 0 
0.271056
12.8339
25.3592
building time: 8.7e-05
solving time: 0.000208

0 0 1 1 1 1 0 0 1 1 1 1 1 1 0 0 1 1 1 1 0 0 1 1 1 1 1 1 0 1 1 1 1 1 1 0 
0.271161
12.9206
25.5453
building time: 8e-05
solving time: 0.000213

0 0 1 1 1 1 0 0 1 1 1 1 1 1 0 1 1 1 1 1 1 0 1 1 1 1 1 1 0 1 1 1 1 1 1 0 
0.271298
12.8209
25.3107
building time: 0.000112
solving time: 0.000281

0 1 1 1 1 1 1 0 1 1 1 1 1 1 0 1 1 1 1 1 1 0 1 1 1 1 1 1 0 1 1 1 1 1 1 0 
0.271055
12.4203
24.4039
building time: 9.5e-05
solving time: 0.000195

